322 Geechichtequellen der 1166861666.

1616616161161161111166. 11616661 1111 1111166 ohgenenten burgern die
eunderliche genade 161 1611166161 1611116161 116611 161161111611611
661 11111166 61161616616 161611, 161 ire retismeieter, die ieczunt
6616 616111 zeiten werden, die obgenenten hurklehen 166166666 16
Oappelnderf und ander 1661616166 661 6661 16166, 1161161161 11666161,
611 wie dieeelben in irem gebiete 661161161166 1616166 6161, 61666
nu eehnlden knmpt, burhleuten 611 611616 1166666 611166161161-
161161 11616116 aller der 1111611611 11 61161 161 11111161166, 616116
161116166, 11616166116166616111616 16666661 16166, 661 6616116616,
166161 6616161616616 166166 16166 611 6661 6661 en 616161166
661 116611 6616, 16161 16661166 166 1661161 6161 161611611, 661
161166, 166 116661166 16161, 1616 61161661661166616161, (116 61-
16666166 1111116616, men und ander 16616 16 1166 rechten, 16 irem edel
und in allen endem 666166 1116111 1161616, 111611 6661 16661611166 11
1161661 16166. Und 611116611161, 166 Cappelnderi' 166 61161 611 61161
haue 16116661 161, 611 616 durch 166 1616166161 11116616666116166
616661 1616 heiligen reiche zu 16166166116161 611 661116616116166,
66 1616161 11111111 616611 66661666116116666161616111166161616
1666116161166 burgern 1611111111, iren 61166 661 1661161166 61161161,
dez wir dieeelhen und ander ire 16161, 116 616 166 666 661 1611 161616
16166, 161 616 661 1611 161616 6116116161 16161166 1161166 661116
61116161 161161666 6661161 66 11616 16166161, 11 16161611 edeloder
116616 116 661, 16116166, 1611661161, 1616661166, 161161661616, empirernden
oder 1611161661 1161161 6661661161661616116. Wer 6661, 166 1161161161
16661111616 61616616166111166616611,616116, gewenheit oder geseche
1611161161, 166111166116161166 6666116166, 16616116116, 1111111611,
1666161 6611161161166, 116 wir den 6116666161 1611611 16166 16166,
16661611161, 161111611 6161 6661 16116116116166 1616161161 werden
61161161, 66 161161 wir 61111611616611611 16111, 1611 1661161 1116661
661 161 1111166161 1661116161 1166116 161161616611611, 161 116661166
recht, 616616,16116116116 661166666616111161 unkreftig und 661616-
16166611 und 16 6616166 1161161 6616166 1111166. Wer 6661, 161
11111161611116 16166161 1116661 16111161 161161166 661161 6111 briven
6161 6661 1166661116166 6161 unwizzentiichen 16166, 66 wellen wir, dez
sulche 161 66116111 661 661 16 66 161 6116666166 1661166, 1666166,
1111161161, 6161, 1161161166 611 16161 indheineweize mit 616116
6616166 66116, 666616116166166161616 661 ander 16616 1661161. 116166
16116161 wir 611611616166, 116166, 116166161166, 61616, 1111611, 11661161
661 61161 166161166 166166, 116 6116161616116111111161161, 666611
611 166 heiligen 161616 16116661, 616611161611 16616611611161616616
1111 166 161616 161161, 166 616 116 6116161161 hunger 6111111111 16 166

6116166111 1616166, 166161166166, 1111161166, 1161161166 661 1666161

 

