734 11199911111119111191199 (191 11911899111911.

1392. 1111111211. 111111.

11111191189119111199 1199919 191911 11911 Rae 111 11111111 111191· 991119
1199191191 1111111911 und ,41111111911111199 &lacos-sas Kapellendors.
or.2·mE.A. 1111.

1911 1111119111 1191199119, 9119119999 919 111191191119 8911991119, 1111919,
1199191191 guado, 999, 11919999 an 11999919 111119 1111191119 9119111119
91999199 111919 11119, 1191· rad und die stad 199 1111191111 199 911119 19119
11911 9911119199991191 9199919 091111919119191119, 1191 9191911 9111119919
99111111 9111999 11999 9991119991119119119 9191119 und gezcfige geantwmtit
11911111. 019 119919 919119 1191119 919 9111 1999111911 uffo 119199 11919-
999191111999 919 sohog und vierunczwenezig armbrust‚ der 9191 1911999
9191191911 9191111991 und eyn 1911 111991119; die 11911119 9191 bangarmbrust
und ringarmbrust. 'hohen 11911111, 99911999119119119111,γ gute 9999 199 11191-
111119119, 919 9911991191, 9119 1911119, 9991999119119919111911919, 9991191191-
. 19119991119191191911999119991199119, 119 legin 1911111199111119191119199
9191111991119111191 1111111111 99111 11111111 1911111119, zcwu grose 191119
1911111119, 9991911999991911111119, 9111119911919, 11919191 91199 19 1911191
119199111911999111 1911191119, 91919119 919111, 119119119119191991, 11191
119911919911119, 1111911911) 9911931199119191111119, 9199911911999111 gebund
grossir phile, 1119 1911 bangannbrusten gohorin, 99119119 1911 111119,
1119111 1191919. 19119199 hubin mit gereytim gehenge und 1119 999
1191199119, 91111919111119, aoht 1191-9911999191, 911119991119119991111191191,
11911119191911 1111119 9111 1911191 (1119199 11999111, 191199 3111999991, 11119-
119111911999111· platin, 11119 111119999 9111 11911919, 91919911919 91111191-
911119, 1911999 grosse blasbalge, 9199119119 9111999191919911119, 191191
199991119 9111 1911111119, 1191911911) 991191,1 11119119191111119, 9111 19999119 9111
91191919, 1191· 19191111, 919919119 1191919119, 111999 199119 slegil, 11119199
199119 11119,111911999911199111919, 191191 919199 1199111919, 911119 11191199,
1191· 991111119 111111, 1911919119119111119, 191199191911991119, 19119 991ιί1119,
1191 breite houwin, 1911999 991919, 1911999 199119 1111919919, (11911919
an eyn 9191919999. Nundehalb schog geboygitis 19199, 191191 991191,Γ
1111911919 111199, 9111 1191111119911, 1191991199, 119199119199111991191 phile,
1111919111 9911911 buchsinpulver. 011999 9119 (19199199999111911119 stet
91119 1991911919. 19 (1919911119 1199119199 9191 199999 lange 11999119
und 919 bang3 hegin dez 191119 1911119 91911 919 1119119 199 9191191911-
919111199199, 11119 deme 119191911999 919911191191119119ς 91191919919911119
11191199 9191 19119 platin, 1911999 1191199, 919 1911 phile. 1111199911 11119
19911999919 11191919 191 919 9911199191, 1191 rugarmbrust, zcwene
spangostil, 1911999 9191119, 191111 1111111919119991191199. 0119119119 deme
kornhus 19119 1119 1199119 11191119 und 9199 rugkewindin, 9199119199,
9111 119191; uffo 119199 919191119999191191111 1991919119. 19 1191 11991119

 

