6116 1 100110100001100 der Prov. Saehsen.

name, morde, brande 0111 keynerleye 300011 0111301100301000, 1010
0111 110 100 10100 110001011, 0011000000 0111 00110101 1010011 10100
01001011101100 0111 10 0110110 wys 0111· 100 00010 die 1100-11011301
0111100 01111 recht, 00 001100 (101 01111011 011 yn widir 110 11011110
mit 11001011 mannen mit glevenien 001300003010111110 und dryssig
001100010 bynnen 11100111 10310 00011 10100, 010 011 100 100 yn 10101001
001100. Wer onch den 001010 10111 0011 01001 1101110 uff ein 00010
(11113 0111 eyner· (001 101· 11110, 10010 001 0100 101011011011 1100100 000
3010110, 0111 0000 101 1100101, 101 3010110 101, so 001 man ym und
sinen luten gebin brot, 1111, 111101100ορ1εο, 111101, 11010103 001 010111
0110011000030, 00 0100 abir 1103010110 0011000100 1100101 0111· 110001·
010 100 001010 1101001101 111110100110001110101010010001 1011010, 10
001 01111000 01000 selbis 110010 11011111, 11111010011011 001 00011 01000
00110100, 010 01 100 0001101101, 00111100 110310, ebir 1101000 001100 0110
110 nryte nemen noch 0100000110111110, 1103000010110 nryte 0101, 10
11011100 30101101; were abir 000110, 100 1011101110 011110010010, 00
001100 011 yn unser huelffe 000100, 00 011 00111101 1110310, 000 3010110.
111010 euch sulche sache, 100 man mer 11110 000 eyner volge 1101011110
0111 100 1000 0011 101110 0111 01000 10301101] 0103 1100101100 1011010,
10111101) 0111100 011 110 000010 30310 100 1100 11111030 0011131100, und
wie die erkennen und 10000011100000111(1111111001οη nach deme, 010
10 10000 30103111 101, 100 011 01011101 0111011130000110100111101310,
0111 010 011 100 1100101110 0111110, 100 0111110 und 001110 0111011000
3010110. 1111011 10130101, 0010 100 001001 100 0130000100 11013010
001 010100 100 rechten uzginge 1101 yn des 1110111 01110310 00011 1011
00110, 100 0011011 011 101000 1101110, 100 01 yn rechtes phlege und
100 0111110100 1000ος tete er des abir 010111, 00 001100 und 0111100 011
yn behnlffrn sin als vorgeschriben stet. 011011 101 30101, 3001101100
011 0100 011101000101, 110100 (100 000 1011011310310, 110 01111011 by 000
1101 1111001 11010011οΗ1 11111100, 31030 010 abir· ven uns 1110111 000 1011011,
00 001100 01110 (10010101101100, 010 01110010000011100000101000-
10100011οι1. 1110 (0130000100 11013010 001 01010 001100 inczyd diser
eynunge bliben by 01110 iren eren, fryheiten 3000011011011, 3011011100 und
rechten, 0100 010 110 1010 11011010301101111101110, 1001101οο, 100011
1100101100 0111100 001001100, 100 0001001 101000010 keynen der 1100
(1111101100, 1100110010 00011 10010310 00100000101100001010. 011011
0111110 01110 3011101110 1101100 0111100 1013011001οη 1111130111 (101 0101011
((01 1011 1100 0111 100 1110111100101010001110010000030. 11000110
011011 (1011130, 100 001 0100 11011100001010101, 101103000110110010.
Wurde ein eryg‚ 0000111030 0101 01110011, 100 (101 nieht 0000110,
under 0110 0111 1011 101300001οι( 0101011 0111 001010 (100010 1101110111,
11010001 in 11011 00011030 0101 0111 11110001( 10110 (11100100, 1010011

 

