0115- und Perennen·Rngietcr.

867, 73. 1384,891.92. 1385, 917. 1386,
921. 39. 1388, 959. 67. 1390, 999115·
1115113., 5511 55 711555 13931036.
herr 511 (1115555 1394,1047. 1395,
1073, 13981122. - Heinrich 1217, 1 N
1343, 22739. 1353354. 1351364511·
155113. 1352, 377, 87118. 1367,611. 1370,
653, 1371, 655. 56. 71. 1372, 688. 99,
1373, 70304. 1375,720,34.44.59. 1377,
789. 1378, 805. 08. 1379, 811. 1386, 921
- Her-menn 1321, 2. 9. 1324, 30. 31. 32.
1326, 45. 1327, 59. 60. 63. 66. 1328, 72
. 1329, 79. 1333109. 1335135, 1336,
156. 133317576. 1340198. 1341, 212.
1342,215. 1343,227.28.31.33. 1348281.
1352, 399. -15555 1386, 921. - an·
bertus 1217,1.Ν. - buchardii 1370, 653.
- 8531515 1343, 227. 1348, 281. - 75115
1370, 653. - 75315 e. 3513 (1115555
- 855151551651 (1151551 75556 noterius
1327,66. - Diterich 1.Μ515513111333,
1338}³ (15555 n. Guttern, (15155151352,
15115555 (1551551 u. e.S6hne 111155 n.
111155 1353, 402- Heinrich 1356, 468.
1111555551515 ,(113555551535,Βιι131ι11515555·
51515, 655 51151362, 551. 7-53 1115151116
58516155513 1376, 776.

115 (111551551515, comen 1115511115 1276, 5 N
115 111155, (113 55, Heinrich, 1370, 647.

-155511555 armiger 1331, 9’6.

833

(15555, (1551151 3,Β155115155153515 B. - v.
835555151565- 81155515 Β -65
8355555513-1156155353μ-511111-
5515-1151115351Β.- 65Ν555-1.
Ν51151155511.-’.(11 v. Rynecke- -8551565-
15311-1585131511.η181515513Βυ-115
8356151515- (11.511233555515.
(1515115155115115, 1327,53.1332,102.
13331110.1334,114,133513637 1336,
151.1337,160.1340,190,1343233.
1344 250 1357 488 1358, 512. 7375,
737. 47 51 1376,73.1378,.97 1381
8495052 1383 867 1390,997. 1391,
1008.09.1396,1083.1400,1.-149 {nt
nnd 8111351 1386, 933- 3551116115
dictus 85511551518115156151115 Hothcr-
111555 1115315111 ceterique 55555155 ac
universitas civium opidi Gothenensie
1350, 351.- Gunther 1131113 1181111111
v. 1111151555 retisrneietere 1372, 630.
-1151 81561 1351555515551 Ρ15115 5116
1115551 1376, 774. - 1115115555 Petne
ron Nezilryden 1372, 680, - (151555.
15555515.5115 61111111 81115 1349, 323,
-7151155 11515511151115516511511515-
153515 prior, irater henredus 65 7735555
1515 12931411. Pl'errkirche e. Μ51-
531515 1329, 78. 1382, 862. Ρ15Ιι55115
(1115156115 51 1155111 Heinricus 65 (11115555
51 (1111115655 65 7755111551 1329, 78.
65 (15155, (3115156115, 1551655515 31155-

(111511513, 5511511511,1358,51.-3 huten 151515132215.-71151551377785

5.,(11 1111151 1326, 42,
11155555, 5511 zu. 7115611551. 8115555513,
ἑΞ41666137471113788081383,
(1565555513, cestrum 1329, 78.
(1516511151, (1511551111, Hermann, 1111151,
1343, 228- Η. G. zu 175511515151386,
933.- len 1343 233. -711515555, 1111151
13 6, 939.
(1515, 651 551, 1348, 287
(151111511511155 1375, 724. 1378, 802.
-11515353111 11375, 720.
(1οέ51515111, Heinrich, 1155515155, 1388,
(15555151565,(15555151515, (1551151515,
(1555115515,7531515.(15115511352,391.
-513511155535515 1352, 391400.
-1515111553111 derv. G 1355435-1115·

(151511ηέ1511, Dori 1151151561 n'.r.Er1nrt,
(1515555111,(1515551555115155551311,11511-
555511115811555555-65111155153515
B- 1111558.- 6151115 Κ5111535111511
-g.LentB- Long 1518.- 55551358.
-658113551515-511515515653- 65
85365515158.·65 ’1.-31155151Β 65
(1151515- 7153 boto 1375, 765.
(151151511511515 1336, 144- Bur ann
Herm, 355. Iceee 1856, 455.-
75311335132.
(1511153 55, (15115355, 1371, 672. Ein-
vechner: (1155151 von Mhndcn 5351115
51151113971108. -055156815151397,
65 (1535155 75556. 5111155155.1326,50.
(11555 1346, 261. 1371, 665,

wohner: 155555. 753111. Joh. 6. 11153515 65 (1155555571, Ρ511115 135171, 678.

1355, 438.
v (1551151515,1151155511,

1.(1151556511,Η515551348,287.

Μ51555511 (11515515551151115111511555, 1358,

Dietrich 1350, 350. - Heinrich und 515

1111511 131,ιο334.1355,“435. -11515511 (11515515555, 3111315555 315 v. 811555,

1350, 334. 1855, 435. 311.
(15115151 1353, 408.
(1511116115, (15555,(155555,11511516,(1515,

(17·757851811521381 ’,89 989. 31.
(1115151561, (1115151515, 1111151515 ,8111515365

 

