880 0111- und Personen -111311111,

31111111, 3111111111, flend, Dytherich, 77111111.- 8111111111 dien· Weyner

711111, Heinrich, Κ1111111351,371.

1337,164.

-111117, 7131 zu Capollendorf 1350, 3111111111, 31111 1366, 594.

3888181113, Dorf 31110111113111

3611111101ξ1388, 963,

1.311ο11111113,311111111113, 01111111

111111 1395, 1079- 8111111111 13901079
1397,1097.

3111111111111,17111311111110116 von 3111111111111,11111111111113 1111111111

Erfurt, 1379, 819
Schenk 1 A 111111 1352, 400.
3111111111, 3111111111, 0411111111 1341, 206.

1377. 61.

01311111111111. 3111111111111, 8111111111

1326, 50.- 01111111 Lauwin 1357, 400.

1111111111,1111111,11111111111 des 3111111111 7711111111,11111111334,19

11111111111111 1110111311 1386, 935- 313111111111, 3111111111, 0111311111-

111111111111 zu Cap piindorff 1391,1017.

11111111. 1111, 1350, 347. 1357, 396. 400.

-711111 1,311111111111111, 71111111 3111111111, 3111111, 1111111 S. -17111111

1941, 206, 1340272. 1349330, 1350,
3ἓὲὶ4ἓὸὲ353ᾼό1 17111111118111111

31111111111111 1326, 49.
1,311111111113Η1111111 1344, 50.

31111111, dictusg 3111111 v. 1111111131-

16. v Erfnrt, 1332103 1335128 30
1352, 397. -11111111111 ’01111111
Adeioidy u. 1111111 uxor 1935, 125

v, 811111111371311111111385808.
31111111113, 7131 11, 01111. 0111111

1371, 667.

rich 1373, 701, 1111111 1388, 958 1396, v. 31111111113, 3111111113, 3111111113,

1089-1111111111, 1)1111111,1111111
1326, 50. 1327, 61. 62.
311113 11110 (3111111131 11111 7117361, 533.
Schillen, dominns 3111111111, 1111. ord.
Τ1111..1293,1411
Schinde'kopn 31111311103111111111111111,
6111ο,0111ο,0111118111, 1111111111
71111111111331,9395-1113111111
11111111.1111111111,1111131111111,11111·
99999999
. . , . . .
1. 3111111111, 11111111 1350346 47.
v. 3111111111, 3111111111 1359, 524.
Schlotheirn, 311 Η1111 1330146,
31111111311,Η11111111 0111111111111 zu,
3111313811 1334, 119.
31111111, 8111111,01111161348,287. 1350,
342,-111111111,1(11111 1330, 91.
Η1111311.111 111111111311 1388, 962.
dictus 8111111111 1328, 71.
1.3116111111,1111111111 11811111 117111,
013111111111,111111111 1360, 531.
1,31111111113, 3111111113, 311111111113,
311161111331111111113. Hermann 1343,
235.-11111111111,11111 zu 31111113
(81111113) 1335,1’31.11-1111111111.
Sohn1335‚136-7'.ridrich 1111 811111-
11111111, 1343, 226- 1111311111, dominus
in 0111131111 1345, 257,- 1111111111
1111 zu Gluchowe 1371, 666. 1377, 681.
1374, 711. 1375, 720, 1378808. 1383,
867. 1384, 895, 31111113.
311111111111, 311111111111, Dori 31116111-

8111111113. 3111111113, 011111 1943,
736. 1345, 754. 1362, 550. 56 1369, 639.
13788021379313,1380920-8111-
111111356,467.-01111111,1111111111
Meydeburg 1357, 487.· (1111111 1321,
1917. 1327, 53. 1323, 71. 1390, 89 1331,
93 94 98 1334118 20 21 27 23 1335,
126 31 32. 1338, 177. 1339,18386.
1343228. 1141111312ῖὸ 1351, 364
76.1356,7.46 1357, 482. 83 84 1358 511
1362, 547 52 53 1368, 633. 1369, 636.
1371, 667. 1373,7.01 1375 120 1387 951
1388, 963 1381789989.13899801393,
1037-1111111111 1322,10.1330,89.
133193 1334, 118 22 23 1335176
1339,183.1341,707.13457511348,
302. 1351, 364. 81111111313. 1357, 482.
83 8493 1956, 467. 1358, 499 511 1369,
547 52 53 1375 720 1387, 951. 1388,
963. 1381189 989 13941051 13951073

-Η11111,1357,482.-17111171111 ru
8111111, 1165,181.1ο1111,111111118,
633, 1369, 636. 1371, 65669 1372, 688.
1373, 70103. 1375, 759. 61. 1376. 777.
1377, 780 88 92, 1,378 808 1379, 811
1383 812 1368 979 1389,979. 1391
101513931037.1394,1051,1395,1063.
(Lnndsriodonsrichter) 7395,1079.13911,
1093 94. 96. (111011101111111111) 1397,
1102.- So phio 1357, 482- herren zu
141111111 1347, 224. - Heinrich und
0111111 1329, 76. 1332102. 1330118,
1335127, 1338, 177, 1339,183. 1343,
735. 1345, 253. 1348, 302 13. 1351,969.

-01111111 1340, 19092 1311196,

1110113111311111113462611371665 -Heinrich 1333, 1'10. 1334, 114. 1336
3111331111111111111,[1131111131111111111 140. 1346, 263. 1351, 359- Η11111 zu

 

