874

6116166, 116116, 1161666111 1358,515;
16 1166611111 1362531.
ιὶὲιὲὲτιοέθ Heinrich, Ritter 1334117.
116161613, Μ61661613 1378, 802- Rei
63111361 1375, 720· 3116111161 1375,
720. 1378, 802- Friedrich 1358, 511
1371, 666. (16161611 1336142.-
Heinrich 1345, 254.

, 6.116111666611,8166166 1369, 531.

116661111111113661666Μ611616, 1360531.
1166161613, 1666661613,1)οι·1 15116-
burg 1611311611, 13482821351357.
-061161166661161 und die 1166116366.
616 1166666166 1348, 282.
Μ611,1)11161161, 1111161366 1617666616-
16161, 1386, 939.
Μ1616113.066ι116163
1116161163, wernher 1375, 741.
Μ116, 6616111611666616616611 1342217.
66Μ116. 1166666666, 161166 1324, 32 1328,
71 1355 429 30 31
v. 1113116, 011611 1381, 854.
111616,1.113ι6666,066166,11666111364,
370- 066166, 311161 1366, 594,
Μ16666,Β1161ιο11ιι,1378,802.
Miser, 161666 1359, 524.
Μ1116116116, 111111116616, 111116116666,
Dori Μ11161166666 6. 1661111611, 1339.
186. 1395, 1059. - plebiscitum (1666-
1ῗξ141ξ121ἒ1ἐ1113ῗ 'iiiia Merschalk, 1666111
1161666611, Μ6166611, 0611161 Gothic, 1368,
6113ὲὸ- ἕ3111616 6171116166, 36666666 16,
v, Moledorph‚ hleledorph, 1661661611,
1161166611, 3611616 1370, 648. - Ger-
111666, 061613 12921411, 1324, 30.
1111161 1327, 60.
Monachum. 11166166, 1330, 85. 86.
11666161611116616, 1666161616116616, Dori
Μ1661661611166666 161 1111611, 1327,
60. 1843, 227. 28. - 166 petron. 6661.
133817576.
Μ66116 marini episcop„ Petrus 1341,299.
Merncweg, Reineho 1299, 1111.
Moroldus miles, Moroldus 61 0116 filii
1328, 50.
116116161666 1352397.
Μ6116166661 6. v. Gich.
1163661,116161161 1371,663.
11611613. Mclburg, Μ611613, 71661166111111-
161316166166 11661661611666161666611,
des 166 1342190. 1350, 340, 1351367.
1353408, 1351543233. 34. 1356, 459.
1357, 477. ῖ8. 82. 89. 90. 91. 93. 1358,
503. 05. 1362, 550. 52. 53. 1375, 760.

0116· und Pereoncn-chieter.

1376, 776. l381‚839. - 16131616 u. 166-
1616 1355,432. 1362, 552. 53. - 8613-
6666 Heinr. v Eckenstete 1342, 218

1161166166 763163 0116 181611616-
heym 1342313- 11111. v. 17111163116
1383866-171116161 v Wechmar 1391,
1006.1394,1045.-7161111 von (116116-
6611 1397,11-09. Gernod 6161161616
1399,1114. - 61616666611161Μ. 1376,
776, - Ρ161161116161161 6816316 1363,
565, - 011161 8663) 16666161166 1363,
565. - 1611616, 66616 6. 6666616, 61616
Μ611613 3616166, 1357, 477.

66 116116131, 01161161, 861161161 des
016166 Herm. v. Gleichen, 1333109.

Μ6116666, 116116666, 81661 132218.
1325, 36. 1334, 120. 21, 1335, 137. 1336,
146. 49. 51. 1332180. 13513641666113.
1355,428,29,30.31. 1358,512.1370,645.
4616616113. 1371,66273, 1375740.
441376772. 1377,788, 1378, 305. 1383,
869. 72. 73. 74 78 79. 80 81. 1384 887
93 94 95 1386 920 1395, 1068 1896,
1085. 89. 91. 1397, 1104 1399, 1128. 30.
111616616161111661161166 freter
811616 12921011
1161 6. 81113 61 6.06661666; 1335131.
36. 1336, 139. 1846‚263. 1353,406. 1354,
411. 1355,436,1357,488. 1358499511.
1362535. 1362545. 1362626. 1369,
639. 1371,656.57. 1372. 688. 96. 1374,
711. 1375, 720. 32, 59. 1378, 803. 808. 6.
16661113. 1376768. 1372911. 1382,
860. 1383, 867 687071. 1384, 890. 91.
92. 1386, 932. 33, 34. 35. 1387, 941. 43.
1390, 998. 1393, 1031. 13941051. 1395,
1066. 707173. 1396108384 94. 1397,
1100. 13981118. 19. 1390, 1129. 31.
14021145, - Der Rct 36616661 1611-
66166661361611116 1368, 626. 1372696.
13931031. 14021145. - 311361 mit
Namen 661361611116 1327, 53, 1329, 80.
1346, 259. l355,428. 1366598. 1373,
703. 1312821. 1383867. 1396, 1083.
14021149. -166661330861352380,
- 1166116666 3616161352380. - 1166666-
1166161661 661 3116116 1352, 379.

v. 116116616161666 1350, 342.

dictus 66 1161161166, 1166661666 fil, 86166-
3611 1332138. (816 1616666 61. 133 66
1161616366).

1161111616, Μ6116616, 71661366, 77661316,
1766161166, 0611141616-1161666 6. ιι. 1111611,
1327, 60. 1332182. 1343, 227. 28.

11611666666161, Dori 01666166166666.
ιι, Ε11611, 1335133.

116616, [1611116616 10611666, 1350, 342.

166116616, Heinrich, Ritter 1326, 42.

 

