890

166116 66 Τ666661666661661666 666 1-
lenus 13,37161.Τ11116Ρ91360.’,132 66-
11611 166 Dorin 61666666 1392, 1023.
61161 116. Jodocig 61 06116161 1367, 603.
ιοξξονίεοωη 1367, 603. - Kirchhoi 1392,
11666116 116 1161116666 1347, 272. 1349,
330. 1358479, 1368539. - Vikere:
Tyle von 11111611 n. 1161616116 1161661666
1387, 948. 1611 66 811161616166,1166166
1161166116 1161116666 13961057. - Altero:
11116116 1357, 479. 1366, 597, 1387,
937. 6611161166 1387, 337.
1116Ρ1611666 661 81661, 616 61161161 66-
166661161166 6118116116, 6161166116 Er-
1611116 6161166161 rectores 6616611. 666166.
1329, 74. 1351, 358. 1356420. 1355,
440. 1358472. 1364, 568. 1365, 589.
1376, 654. 1374, 709, 12.

3666116161.

Μ61116166611611 hospitalis 66666666,
6161116116611616,16 1616 616166, 661161
66616 Μ611166 116 666 16661661666,
661161 1116 666 166666 steyn 16 66666
61611166616116, 661161 116 6661 16111666,
1166611616 pauperum 6.’16611161,16166’
1166611616 616611161, 661616 1166611616
1.Μ611161,661166 666161 161 0166161166-
161,66116661611 1161 166166 161 6161661166·
1161611666. 66666166 infirmorum 16
6611611116 61116 166166 616. 137825. 1368,
6131378700. 137873142, 1376769.
1378, 799. 1384, 883. 1385, 900. 1387,
945. 1388972, 1388976. 1388986.
13981088. (13981137. 38. - Plebnne:
132825. Η66116116 1323, 25, 1611116116
Martini 16116). - 6666116 e. Μ611161,
66616 61611166 6666661388900. 1388,
972. 1388986. 13981111. - 7116161
1611666 ron 1116116666 1351, 372, 111661666
66 1111161616, Heinrich Pryning 1386,
936. Joh. 8116611, 6111166111 8611666,
666166 1116666161 1388, 972. 11111611 von
11116666116116 1393,1030.1394.1047.

61111616 6661611 episcop. 1356, 460
66 Μ6116.Ρ1111166161Β611116161661 1386,
936. 61. 16666616 61666166 1388, 970.

-3611116 161 6616 thorn 1388 972

-661 66116 61161 1338166- 66616
1166161666, 7611666661, 8611616616611
1375, 731. 66116166161616 16116666 1378,
799. 7616116661 1387,945. 1611616616161,
6661666, 16661116 666 meyde 1389. 688,
8611616611161 132867. 13351341352,
386. 1385, 915. 13921023, 13981029.
13941044, Herm. 1111611616 13961086.
(1661116166 6161116 11616616 66 61661616,

Orto· 666 Ρ6166666- -1166.16161

o ..111
861166111611611 134824111868111616166
116116166516 1348290. 0661611166 0161-
616161378731. -Ρ161166166,1616166,
616661616166,761111116661132221, 1327,
66. 1329 73 1352 386. 1385, 915. 1388,
95558 1392.1023.1393,1029 1394
1044 1111661166 1166611116 6 3161168666-
rich 66 661616,[16116 616166 86611
132825. 61661166661161666,116116.66
816116 1335, 128. 30. 34 666166 166
816616616666. 166 81666 1343, 241. 11
Fronin 7166116611 Heinrich 16 8661166
1348290111111611611716111161686161161
von Heldorungen 1361606. 1161611611
611611, Thid. v. d. Wnnne 1386. 923.
Honore om Brenn, Mertin 1, 1666116166
13941047- -766161166111 12171. N.
-7611666116 1016116 1116111 616111161 1385,
900. 651611 1396,1088.1398,1111.
-111161111166 von 661 116111616666111116116
13981137. 38- 01661166 1111 666
Η66611611389,988
81661661661 161 6616 66666166 111116 6161-
11161; 616111166 161661611661166166161166-
11161 1388.972.1389,988.6161166 vor
1116616166161, 6111166111 1611661 661 1326,
49. 66611161 6161β66611161Η61161
76166666181385, 16.
816666611616 1161 111616666οή61 eichhorn
166 Ε61111666116166 1388988.
8166166166616166111 1666101611 6161166-
11116 161 1161161161 1389, 388.

01166111611666111666,11616,
11116661 616.

Ε11111661166161161 1161, Μ61616111611 6116-
61661 6166166116661, allodium Erffnnicnoe.
61166. 666116 6111111116 8111616.. 1611116111
16 11116116, 1111116111. 1161116111 16 666
6166611616 hoie 166 1666666 1324. 29.
1329, 80. 81. 1338127. 1336. 145. 55.
1347,269,1348,301. 1349, 24. N. 1350,
3521358389. 1354, 416. 17, 1355425.
1358506. 1359,516.17.1374,718, 1381,
842. 45. 1381, 848, 52. 55. 1388, 959. 73,
1389, 979. 13981036.

Κ166161116116 (66566166161167161111 66116
666166 132539. demus 61 curia 61616
66161661661166 6616 116116661111 61161-
geben 1343, 232, Κ1611111666,01611161166. ’
66116 nostre. 66116 16616611 66116, 111116
666 11111 66 61661. 6. Petri 1344 243,
666 1116666166 1161, 611116 616111661346,
266.1350,352.6616161616661166134,9
305.- 6661116 6111 661 6616116 1350.

 

