Urkundenbueh der 81111 1111111. 11.Τ1111. 181

1391. 1111 11. 111111. 111811.

Eberhard, 11111111, und 1111 11111111 des 111111έί1111 111 Mein}
versprechen 11111 1111 zu Erfert 1111111111 in der 1111191111
11111 Merkgrafen 1111111111 von Meissen.

Or. auf Pepier 111 119181. A. 11 Μ.
1111111111 11111111 1111 capite! 1611111111 Μ11111.

1111111 31111 11111, erbam 1111611 36111111 1111 1111111611
1111161111 11 111 3111111111 11161 111161113111113111111111111
1111111131111111 1111111 11113311111111111111 111 11111111 11116 1111
111 1111 1113 111 deme dage 3111111 steen selden 11111111111111
1111111 111 16111 11111, 111 habe derselbe 1111331111 Wilhelm 111
11111 1131 mit 11111111111111 11111111 11111 1111 111 111161 lesen
111· 1111111 11 deme 111131111111 11111 1111111,111111111111111111

11 111111 1111111361 11111, 11161111 111 61 1111111111111 1111-
111111 1111111 1111111111,111(111111 111 Η1111311 31111311 hait,
noch swerliehen gefangen halde, unde wie 111 111 11111 1111161
1111111111 111 deme tage 3111111111 116, 1116 11111111111111111
1111 111111 11 11111 1111111 lasse 1111611111 111 61111 11111111
11111111111311 manne unde eezliehe 111136111311 111111111111111111,
111 116 3111111111 111, 111 yn 111111111111311 11111111111, 111
11111111 31111161 111, 3111 gegeben unde 311111111,111 1111116 1111
111116 11 1111111 3111111111 haben, 111111111111113111,11111-
geret, 111 wir 111 1111111111 11 11111 111111111111111111 1111111,
111 wir wol 1111111111, 1111111111111 116111131111 11 1111111111
111111 11111131 111 Β1111111, provisor 11 1111111111, 1111111111, 11
111116111111 111 111111 111 11111, 1111 1111111 11111111, 11111
11111111111 111 111 111111 werde, uns 161 111 11161111161, 1111
11111111 111 11111 maynunga umbe die hulffe. Waz wir 1111111
11111111 1116 11 1111111 31111 1113111111 wellen 1111111. 11111
umbe die 111111131136, 1111111 111 1113111111 1111331116 Wilhelm ge
schuldiget 1111, 111 11 111 11111111111111111111111111113611111111
gesehn'ben 1111, 111111 wir 111 113111 redde, des wellen 111111 111·
1111111111. 1111 111111 111 311 111, 111 11 111 andern 1111111,
311111, herren unde 1111111 111 11111111111311111111111111111
11111111113111. Datum 1113111111111111111111111 beate 1111311111
11131111111111 111 1131111111 111111.1

111111νί111 1111 orbern 111111 11111 1111111111 111 16111111
11111111 111111 116111 31111111 111 guden 1111161.

¹Da der anseny 1 1111111111 Waffmetssbtand 1113 0111111 139511111111111
111111 (1. Nr. 11131111 ee andoemeite 11111111111111, dm Markeref Wivnelm
111 [11111111 111 1396 111 rem Hosg 1111111 1111111311 Ache 1111 Landsnedenegmchta
1161111111(1.1,Ν11079)1ι111111111,11111 11131111111111111111111139611111111

 

