742 (10301101103301103 003 Ρ303. 8001333.

Ε3110310 30313 0110 030 033030103103013330110113 3031030313 330
3330 303 131131133031330113 330 30310 10133303133 003 10311033, 003
3011303031 103310, 330 303 00300 3011313 30313 033 303013 0113 3303
iar, 010 3031 3001 01333013101313, 330 13113 333330 003303031οῃ
3130 Ε3110310 030130013 310111 330 30300 130110 003 33030, 313 1133001
1030130113 3100. 1103033113 30 331103 310 003 31033 30133301101 1033313
330003311013113 03303 1103303113, 03303 1330303 330 11131 30011030
330 010 131013 330 00311303 303 0303103113 330 1030, 313 003 303
303031101 131 303031 So 331103 310 033 03 301113 33011003 0110
0030 310330 310113 10113 0310 300011010 30301113, 010 303003 3030 301
10313, 003 31033303 1033313, 0301 0110 030 03303 10310 330 1033;
010 331103 mid on 3110 1030 03300 30110 303 11110310 310113, 330313,
30103303 313, ,313 andere 003 3130 033030, 330 3030300. [130
331103 3100301 330 030 30301113 303 deme 310330 0013 30013 033033
33333013 10301001313 0013 1030100130 103313 330 03303 301113 303
11310313 311113 330 313313, 3001 3031033030301011000 31113 0003030
303011133110133303, 0333030 003 3100 11310310 3010 3003 301000 3300110
0331003, 330 3030300. So 331113 313 0301 003 3103 330 30310110 303
Β3330131033 330 3130 303301033330 303330110103 30130313 330
3013300330 110 gliche 300110 330 3311330303001330, 013 033 303 30
3031131. Hirumme 30 331113 310 03303 10313 0110 30310110, 000110,
30100, 30310, 33030, 3030110 330 0110 030030 303301033330 003 301113
3103313 330 303101113 010 3030310 3031 3330 13113 3001 deme, 013 313
033 303 0030 30303103 303 Ηο313313 haben 3330303003 330 033
03013 333 303131301131, 330 331113 310 003 3013330113 303 03330 33330
3130 0033033030131103 3100. Und 003033 331113 313 03 0103030310
3031 3000313313 30303 330 0313313 30103 33113 Μ1330303 33030113
30113, 330 310 331103 13 30303 3333033 303330 013 030030 333303
03303 00313313 0101013, 330 30 313 303 0033130 Ε310310 30303 030
03003 3130 3030101000 30313, 30 33] 03 0103130303 3010003 31003
330 030133 nicht. Wers 0301, 003 010 3130 030 033030 330 0330
03313100113 0110 deme 310330 habe 301013, 013 310 033 3011133 331
330 mag, 310 13330030 310 01010 13 033 1010301101 ..... ¹

¹ 11103 101011 010 ,1130103111 ab: 1133 0013· 003300 0330301 330 einer Notit
zm 01,-Μο’100013-Ρο33010031.033 Ε. Δ.

1393. 103303 22. 1029.

Ηο33Βο3031 330 Ηο003101, metente, 3301113310110 11301001103,
30303303 33630303-11301331010, verkaufen den armen luten 13 003]
30303 3301010 303 Ε31031, 3010303 333030101003 muron vor
Orampphenthore‚ 003 1703330130ον3 Ηο33101 033 Β3333, 033
Ηο133101 3031103331010 330 dem Spitalmeister Conrad Grunyngeu

 

