0111- und 1111111111-111111111,

3..1

(111111, Τ1111,Τ11111330,92. 1334,
111.1333,186.11111111314,108.
’1,11111111 3111111131, 111111311131111-
11131 dicht 1113111111, 1349, 305. 1351,
4331371138.
3111111111,1111111111, 311,1111111
3111 31111111 1 1. 3111111,1321,,8
1323 22 1323 41 132155561343,
303.- 3111111111111111111111 1111Κ1111-

855

31 31111111, 3111111111, 1111111111,

11111111 1111111 1329,11.- 31111111,
1111131111111, 1362, 544. -011113 1356,
458. 0111111111 11111111 1322 12

-Η11111111 1326, 50 1321, 62- 11. 111
Annon 111 1331111,

1111111111, 11111111,11111111,Η11111,

1111111111 dux 1318, 802.- 3111111111,
Ρ1111111111, 1111111111 1355, 442. 1356,
45011111111111 1315,120.1386,330.

961111311111,11111311111 1352, 394, 95.

1111111 1351, 314 (1111113 11111111 1356, v. 1111111111, Η1111111, 3111111334, 118.
452,111,1 Β1111356,452.1ὀ11 3111111113111111111, (1111111111311311

11131111· 135,1 314.
313111111111,11131111(11 ct 1111111111,
111131111111111111111. 132315.
3111111111111111111,1101111111, 1352 ,.338
11111111, 3111 ’11111111 111 (11.11131111111,
132342. 1661,96.- Gericbt 1391, 96.
-31111111111,1111 11111111 1111111111

11111111,3111 1386, 929.- 31111 111
1111111111. 1313103.

1113111111, Η11111111 1111311131111,
3111111111, 1111111111, 1333630-1111111
4111131111111.1230,2, N

Tangcrmundc 1311, 786.

1111111, 111111, (1111113 3. 131111111111.
1353334. - Heinrich 1363548, 1366,
5ἓέὲ - 21111111111, 1111, 11111, clauc
σξιέγᾱοωο 3111111111, 3111111 1381,
11111131, 11111131, 1111111131, 111111-
1131, 1111111131, 31111 1111113113.
11111, 1333, 566. 1311151180. - 311
113181ιέ 13Ξ591, 362. -’1“111113111111111111
1,,11111131 1111111131, Τ11111111131111
1331,1009.1391, 1011. (111 Μ1111111,

11111111111111111111113111. 1111111111,
11111111111111 Theutonicorumlhcrosol,
311311111111111111111111311111, 11.
31 31111111111111111.(111111111111111
111111 ,1111 111
11111111 11111111 1381301- (11111311
31 111111111111 11111111111111111111
33.33111133311133
radus 31 11113111, commentator· in
33331131333333“
1291310141316112 33111Ἢὶ ί1813111311111111811
11113111111111Ι 1330, 928.- 11. 11131. 1
11111111111111111111113111 zu Du·
111111 1385, 901. 13. 14. Ι- 11. 1111111111
.. 1111 11111111
111311323332, 361. - (1111131111311, 1111.
’.11313113111111
3111111, pleb. 11111.11111.11 1311111111
113 33 1133,1313333
1313113133 33311111

3.31111111113331039μο1111113111 Τ1111,1111τ 1,.Β11111111111 (11111111

111. 1333102 1343 228 13411263
1348, 292, 93 1350, 343, 47. 1351, 362.
64. 1111111111. 1358. 513. 1311151183,
81. 1311662611.1394,1043.54.-1311111·
1111111 1365, 511. 83. 67.- Fciedcrich
1365, 511. 8331. 1383, 818- (1111111
1343230- Η1111111Β11111111111111
u. T. 31131111 Heinrich 1388, 935,
-1111111118111111111, 1.,01111131.
11111319193,1033-31111131.313113
1311111113, H 111.,1398,1123,
v. 1111111111 1376, 776.
311111, 1111111111 1326, 50.
zu 111111, 11131111. 1111111, 1343, 304.
311111131,111111333,.633

1111111.- 1...-(13111113 1,.81111113
43111111111111113- -1311111111,
11111,1111,11,11 1111111111 13113111-
111111- 11111111111-1111111111113.
-111 111113- 1.,-131111111Β cd.
3111113. ·.11118111111Β- -3-11111 31
11131113.- 1.11111111111,1.111111131

-v.W011ramshuscc
31111111,31111111,1111111,3111111,·
3111111111. 1111111111,11111111,111111111,
111111, 111111, 111111, 1111311111,
Τ1113111111,111311111; 11111 B.

11-113.311111131-1.-111131-,1

3111111111- 31 311111113- 1311111

-131111111- 1.3111111111-1.3111-

 

