Urknndenbuch der stada 11111111 ,Ι 1. Thcil. 555

Und derselben pfanheit 1115151, den 515 115 11151 1151 155151 1111111-
55555 55155155, 111155 1515155 1551515, 151 115 sal 11155 515111
hindam, 555 1515115, und die 511155 1511555 5555551155 5515.

Sc 551 5155 115155515515115115115511, 1151515 .. bischcvenAdolphc
15 8115115 111 1551 55111151 zu 11151511 515511155, 51 1155 55155,
gulten, 155155 15115151151, 115111155 55551151551555151, 115155151511
55151555, 5111 eal in 1555151515555155 51151155 1151 551551 .. breden,
der marggrafen 155115155511, 51515 5155151155511 515555 151 51515111511
51511 disee 111155 ane des .. 5151515555115, 551551 515151· 5151 1151
51515 1111155,55515151115; 1151 desselben 1115115511 115551, 1511 515 115
111511111551555111115555155111151555, 111155 151515 115111515; 1111
115 eal 5151 11551 5111515 ane 15151·15; 1151 515 551155 1511115
5555551151 5515.

51155 551 111155 1151151 55155 15151155 55551151; welche 1551
15155151 151 egen. 515151555511, seyne brudar 1115 5111115155, 115
55111515 151 1115551,· 155 515151 5555155 515555, 15 111155 1515111115
55555, 115 5111151 5115 115 5511 555 1515115. (5515551515 11511555
15155155151515511115151115, dae 5511115115 1151511, 11515115155155
115155 11155551, 11515151111115, 115 5511151 1511115551, den 515
1515555151 515511,15 111151 15155151 55555, 115 511151 51555115 1115
5515 555 gerarde.

5155 515555 111 echichen wir uff 1155155551551511 dee 111155
515515 15511555511151551 151 15115515 115155 5111555 155515 11111155
151555 echte, 151515 1511511555115 grase Ernst 155 (1115555, 115 ..
5151 1151 51115111 1111111115 151 115 5511151 1155155 5151, else 155 115-
selben 151 115151 derselben 55515 51 15155 1151 11115 15111511,
5551515511 5155 155151511 5111151 werden, sunder 515551· 1151111515
mugen, wc 515 551155, 555511511115515115, 515 515 1511111115 15155
haben, 55 51515 115 echte qwamcn.

Diesen 1111555555 1155 55115 .. 11511515 51515 und 15515 111 11511511

511115511115555111 151155 11155 1515551 15 111155 1151155 55 51155 ⁴

5151 und 51 511551515115. 15 111555 111155 55555 55115.. parteyen
15111155 5111555 11115155, 551155 111 11151115515115555, 11515155 1155
1111155 55155151 55555 5151515115. Mit 5111551511515115155, 151511511
mit unser 11515511. 551551511115511515, 151 15555 151 11 felde 151 Tanna
1555 011515 15111115 11511555151511 1515, 1515555 15 1551 11111 1111
515551511115155 iare. des 15115155 15551515115 1111 115551 11511511 151
nativitatis, unser 151555 15 1551 115155111515511111551515511515515
15111515 15111155111111151511 15155.

115 mandato demini imperatoris
Nicolaue Cameracensis prepositus.

 

