862 11119- 11911 7919911911-119919191.

(1991191919,(1991,1290.11.11. Gerlach: 11911 zu Hclderungen -111911

0919191999, (19191911, (1911119111 11939119 199 119191.

- v.Lcyhingin -01, 1. 1111991911 - 11199191 dc (19111191, Β911911199 19111191999119·

zu 1191991919 - (11.9. 11911· 99911919- 1911119,1322,15.

19119 - 1. 3919911191. 999 dem (1919, 11911-(191199 1. 39199191.-

(191911919911919 1366599. 3991191111, 13931037.

(191910919199, (191110919999, (11919109- 6919911 911911991919 - 9019999991,
19119999,11,111919191(19,1372,686. 13719737. (1919919191 1368, 632.

(19119999, (1911999, 9111111911 9. d. (1919, (19111111119111911191 9011191119 11. -119
13111173. 1346, 267. 1347, 271. 1349, 1191119999 Β.

308, 1351372. 1852, 388. 1354, 414. (1911119, (1919191191 9119119111911.
1363599. 1371, 670. - 11199111 der 19999 (19191, (191919, 0911119011, 911. v. Weimhr,
9. dcc 1191199 9 G. 1353, 377. - 11919 9. 1348211293. 1366, 599
wal 1352, 398. - dy cychwcsc 1351373. (1999, Η991191, 1111191, u. 1119191111199111
- 1719999 19 dem 9919999 1352, 377. - nichol.

1191 Η999919199. dcr (1919991919 1352, v. (1191, Gicch. 1191999 999. 1191199991,
398. -1191 cunrade 1,119191913’12,398, 1360, 920, 1381944.

-111911919911 1111111191 1799919 und Gyreh, (1199191 911119119999 11. - 199
1111199911 91199 1371, 677, - (19111919 8191191919919.
vicarius 1322,14. (1)·99111199111139119911.

v. (1911919, 11919111, 1111191 1338173, (1999119199, 0999191, (11991911 (1191991999
1346, 207. 1351371118, - 191999 1352, 11. - v. Besa. 09901999(71911191199)11.
37788. - 1111111191 1371, 677. c. 11911119- - 9391999111- 891999199 11, - 1. 31191-
1991199. 1919 B. - 2199191 B.

(19119119, Dori 1191 11119111, 1350, 342. (1199919191199, 1199999191991199, (11999119-

1. (1919199, 11 lic-ederich, Ritter 1339, louhen, Gyspircicyhin, (11199191991199,
90. 91. -119191999,Κ99911, 1330, 91. Gyspolslcybrn, (11999111911199, 1161191
(1911919199, (19919199991199119999319111 (1199919191199 7111 u. 11111991 1191 11111111.
(1919199999, 1311914445. 1350, 348. 1343261. 1641276. 1351418, 1301,
1353, 40607. 1378, 802. -1191 u. 11111991 540. 1371665. - G. 11111991, 11911911
13711720, (111911. dc 1791913711750. — (1, Viti.

(1999919119, (19111991, 1349,11.191991119. 19 091711999111111350,349, - 799191
13719744. 19919119. 9911 (1911911 1355, 439. 1370652. -

v. 11911, Hans, 13931041, 11919119119911368,613. - 1191 9111111991

(1991199, (1919, 191191 1. 1111119191 - (11. von 0919991191 1370, 6521 - (1911
zu 1919191919 - 11191. 99 11199999. Stutirnhcym 99999999 1110. 1395, 10511,

(19919991191, Vallis s. Georgii, 1191999191, - 7111910991ιο v. Τ9919119 1331, 97.
monasterium 1302,17.11, 1334,115. 11901999191999,19111999111353407.
1350353, 1355, 423. 13611613. - hbt 1.(119119119111, 11999, 11999111, 1371676.
1911991991 1368, 613. 1370652. - Abt dc (1191911991, ulricus, 911199 1345, 853.
0119 1331115. - 11991191 1931111119- (1119199, (1199199,39190191919911911199-
heim und 111991, 1191119911 11199191. 0191999911,1191191 1324,Βο - 79919,
- Η991191,7991 zuGicpirsieybcn, 1368, advocati: Heinrich 9119919111 1333,
613. 109. - 1191911999 (1919991199 1338175.
(1919, Struit 1324, 34. - 8199919911 - Fryczsche 9, Yngcrsleyhin 1385911.
1911999 Miser 1359, 524. - 1199111. - castellanus 1199119. 11990. 19 1711111119
11919911 1360, 531, · 132919. - Burgmhnncr: 89119991199

(19111, 76919 199, 1342, 225, 1343, 236. Μ911119999 13311176. - Joh. 11. 1111111
-119191191 1339143, 1343, 235. 1375, 1. 791991919 1332,103.

720. 119 (11191911, (1199199, (11111911, 132111,

(1911919; 996111911119111. 1343‚238. 1351374, 13111400. 13ῦ4,
(1911111111, (19119111 (11. 911991191199911 412. 1378. 802. 1386930. 1387, 945,
- Faber B. ·· 1. (1999191919 - v. 11911119· 1491991119, - Ernst 1211111. 1343, 227.
11919 - 11. 1111199191119 - 1191991911 V. 1350114954, 1351,364.1352,377, 1367,
(1991111919 - 1.Ν91199191911 11, - (11911 911. 1370,(153. 1371,655.56.64.67.71.
1911991919 - 11199191 zu §pir - 1, 1373, 080, 8890. 1373, 7010304, 13711,

7119111919 - 11199191 199 1711999919 730112. 3144, 59. 1377, 789. 1378, 805.
— 119 2999 B. 08. 1379811.138184913818641383,

 

