690 Goecfflchtsquellen 101 1110111010οο

101 iares 01111 00100 1110110001 010001100 1101 10 100 10010 0011101011
0111 01010 pferde 000110 001100 101 001110 010001οι1 1101· 0001 10110111,
1110101 111 0010110, 1101010000111011010101111 01000 1001011 110011.
1110110 1111 1011110100 11001011111110 0110100 010011 110010, 01 were
wening 1101111, 1110111 0011001111 00 0011110100 und 11000000 001100
1100111. 11010 1111, 111 101 111 1111 110 0111 0000101110, 1111011101
110100 010110 100 11010, 111010 010 101 0100 1110100 111110 1101 1010111111
1101100, 00 011 1101 0110 101 111 010 01100 10 0100001010 0111100010οι1
100 11110110 1101 11110110 010000 0100, 110 11000111 111 1010111 fuget
1101 001 101. (111010 1101 011 010110 110 0100010100 1011010, 01000,
101110, 00110, 0010110, 00110110 1101 101100110111110010110 1011111111101011
101 001100100 1100101. 11110001 111 01111 010 111100 1011 10010 00-
11001011 010000 wodor komen 1100111 00011100 101. 1110110 00011 111
0101 1011010,11 11110 101 111 1101 11 0111 100 01010 0000101010 101
11101110 1000101100, 111 0010111 011011 0101110001011000 10 01010 001110;
10110 01 1111 1011010, 11 11110 01 0110101 1100 11010 1000 110110,
so 00110 010110 010 00111 1101 110 0111 01 0110 1011010 110110, 10011
00110 11 stat ader 01 0110 0101 1011 100, dy 111 0011110000 11011000-
101100, 01100101 00010011 000110011011101, 01101010 10 10100 1111111 001
010 1001 andern 0101100110101101010110 110110011000, 111 10110,
01001100 010 ’00111 1101 101 0111 01 0100, 0000111011 001 0010011011
110101101101000010110. (11101 011101 11111 1101100 wir 0111 01100 und
dy 00010100 0100, 1011010, 11110, 0111010 1101 1000011010000 0011110100,
0011010100 001 10001110000, 00 wir 10110101 mogon, und daz 0101
1111100 001 bessem, 1100101 001101, 01110011001110110010. So 011
011011 10100110 01 (1110, 1101 wer von 0111011100οη 11010001 00101011
100 00010100 010000 1000010100οθ ader pfandschaft 01101110 1101
1100100 00110,111011101010 10101011 111110110010110 1101 01101011, 10100
1110 1101 101 0111001111οο 11010010101011 0100001 0110010 001-1011
001 1110101001 01010000110110 1010, 01110110 und 111110101011 11111000
000 0010110. Wanne 00011 010110 101 0100 00001100 10 00011100110010
110100001011010 0101, so sullen wir 00 1010010100 0100 1101 1111010
010111. 01101 0111100 1101 mogon wir 1101010111101 11110110 11 01-
00010100 0101, 1011010, 101000, 0111010, 001 10000101111100 110101
10000 ummo 0001100011101011 00100 11ὶο00001 01000100, 1101 011 01
0110, ader wer von siner 110010 11010001 010 111010 0110010 1101
100100 11010, 11 110101 1011 100000 gebin, sich der 1100010 11010110
11010111 1011101100, 010 100 1101011001110 100 11110110 111 101000-
1101101, 100 11001101, 11110100 001 1101111010, 101 01111 1000000111
1100 101 10 dem 11110 1011 111011001000010101110 0111 01100. 1101

0011, 111 0011100011οο 101011 11010 010 01100, 00 001100 0011101100
wir 00 0101010 1101 0011101000 1101101101110000, 1111110 01 110 uns 1011

 

