892 0111· und Ρ11111111- 1111111111

1111 1111111111 vor (111111111111111111111111
11111111 11111111 1883959. 13931036.

1111111111 111 dem rothen 11111 1361, 540.
1111111111 11 11111111111111 von unser
11111111 1363, 567.

(11181111111, 81111111 1354, 418. 1388,
955.

1111 17111111, 11111111. 1347, 269, 1349. 805.
Waweyd 1111 1111111111 1355441. 1111
3111111111 1356, 455. d. waweyd 1370,
651. 3111111111 1381851. - 1111111111
1111 11111111. 1349305.

81111111 zu Hocheim. - 111 (11181111.
- 111 21111111 0111111111111. - 8111111111
1347, 69.

1111111 (111 dem 111111111113) 1345,

Β111111; die 11111111111111 132134.
1111 1111 1111111111 1341200. 1379, 817.
111111111111111111375,750-1111 111111
1111111 1335, 555.- 811131111111111·

51. 52. 53. 1390. 992. 1393, 1040. 1394,
1055. 1399, 1131 111111111111101111111-
husen 1324,29.1111111111111111111111 111
8111111, 1111111111. Maria, 1329. 80. 81
1334,115. 13311145 111111111111111
11111111). 1111111111111111111111111,1111.
1.Μ1111. 1341, 201. 1342217. 18. 1348,
285. 98. 391. 1349. 24 N 1349, 508.
Τ11111111111111111111Μ11111111,1111111111
de (11111111 1111 1349, 24 N 1349, 317.
18. 27 28 1355, 424. 1355. 425, 11111111
Orionis 1358, 506. 1359, 523 (11111111,
Ρ111111111 8.Ρ111111181111111111,1372,
8939811111111111 do 1111111111,111111
11111111111111111,1111411. 1370,
653. 1381, 347. 48. 49. 52. 53. 1386,
9331111111.1386.937.1388,970.1390,
994111111111111111111113828581386,
938. Ludwig 1111 3111111111. prepositus
1. 811111 1395106566. 68. 1396. 1089,
94. 1397, 1100. 05. 1398, 1116. 13991135

111111 1111111111 1324, 32. 111111 11111 115111111111111ι 1111111111 3111111111,1)1.11

1349, 314. 1111 11111111 steyn 1875, 731.
1388,973.-11111111111111111111;1111111-
11111111 1251,8.11.Ι11111111111111111111

1.11111111,1390,994.1392.1023.

11111111111111111101111111 81111111111111

1411111111 1386, 925.

1281, 7. N. 1111111111111111 1289911 811111111111111111,1111111.11111111111111,

1290,]011-11111111111111111111111

1388, 988 Λ111111111390,994,

111111 (1111111111 111111368631-1111 11311111· 135544131111111111111111111111

und 1111111111 1111111111· 111111111111
1346, 266 1369, 635.
1119111111 111111 in 1111111111 1111111111-
11111111111311111394,1049.-1111111
Wandesley 1111 gmoi 111 dem 1111111346,
966. -11111111111 111111111111 1347, 289.
-molendinum (111111111111111111 1111-
tatem 1339188. - molendinum 111111
predicatores 1321,9‚1324,32. - 11111111
11111111 Wenyngemurt 1391100111
moihov 1376, 769. 77.- dio weytmolo

1356, 455.

8111111111ε1342,217.1357,472,1375,

738. 11111111111111111 1399, 1135. Gun-
1111111111 Μ11111111, (1111111111 B. 1290,
12. N. 1111111111 1111111111 de 1111111111Ι
1329, 78. 133115. 01111111. 111 1111111118.
1343, 238 11111111 11118118. 1357, 411.
98. 1359111317. 136255501111111
Κο1111111111371,6.70 1111111111118111111
1372, 897. 111111 3111111111 1381, 840.
1111111111 1388, 962 13931033.

(1111111 1111111111) 13941041131111111111 7111111111, 1611111111,11111111111 1329,

111111,31111111111111111111,1111111111 die
11111 11111111 3111111111111 1349, 305.
1351498. 1351151617.

81111111311111181111111 und
11111111.

78. 0111111111 11171111111118 1335,
124. 1111111111 do 11111111 1381 ,.810
81171111. 11111111111111 13911048.

811111111111 1375, 738. Tharria 1111111111

1329,78.-1·“11111111381,842.-(11-
1111111111 13911046.

0111111111111111111341.210.1349,317.

1111911111111111111111,1111111111337,160 1111111111 (1111111 1370, 852
1342, 217. 18. v. Wytirde 11111111. dor Μ11111111111 (1111111,1111111111111 11111-

eidem 1831160. Heinrich 1111111111111
1111111 1341. 201. Rudolf v. 1111111111
1343, 233. 111111 von 8111111111 1394,
1046. 48. - 1111111111 1111111111 von (1111
von 81111111 1111111111 1342, 217. 18 1.
1111111111 18111111.

1111Ρ1ονί1111111111411111111111 (1111111111-

111111ε1111111111111 11111111, 1111111111· 11

1111111111,1349305.111111111111111111111 ,

11 civile 13231611111111111 11111111
iudicium iuxta 1111. s. Martini 1385,
900- 9111111 1337, 160. 1341. 210.
1342. 219. 1349 317. 1375, 738. 1389,
857. 1391,]010, 13941046. 56. 13981199.

hof) 1335127. 1341,210‚ 1547,275. 1111 beiden 191111 111111111111111111

1355, 439, 3132. 1357, 491. 1381, 846.

1351472.

 

