222 Geechichtequcllen der Prov. 8661666.

6611611611 66 1161666 1166116116666166 16166 6161161166 6661616116
661 61161161. 11661 661166 661 mogon unser 1611666616616116 166
11616616, 616 6661161666 661 616 611111161611666616616166116116
611161166166, 616 111161 161 616 wir 666 1611166111 16166, 6616661661
6161 16666161, 16 1161616111 1616 616111116666161161166 616161166 6111116
166 1111611611 dem 66616 166 halben 16116 1611166116, 6166 116666 unser
16116 6161 616 stifft 1661611 1661111 6111616 6161 6161661 6111616661
161 616666166 1161111616 6161 1166 61166 11116116166,166 616166 616
1166, 661 616166 161 1616 661 16116 616116161116111661166 nach
der 61616161 166161166611116611661166. 1661661166 unser 1161616666161
16116, 616 6661161666 661 616 61111 11616116661111661616 66116116
611161166166 666 61161161 6161 116661166 6616166161166 16116616661 6161
16666161616 16116661116166 161, 666 61616166 61166 666166, 166 616166
166661166 guden und gulden 161166 1666666. 1661661166 (116 161-
16666166 1166161 661 116 61166 166 166 16116666166 116161616616166
geben ierliche 6666116 16111661 61166 6111616 61166 rechten 6116611666
16 161 116 1616 66616 1166611, 111 11 1116161166 6661611666116 661
166 161 1161616116 6666 (161 166166 66616111611166161 11666116. Auch
661166 661 166166 116 obgeschriben 1666116611616610661611 6161
116 61166 116 16116666166 1616 661 16116 6116 6161 616 161111611 161-
1611166 6161 161666166, 61 yn des 6611616161 11111, 16 61161616
rechten 666616 161111 661 6166 61111166 661 16 1616616161611666616
1161611666111166 161, 661661166 66661 1111666616116116, 6166 6661-
166166 661 616 61111 6611111 61616111111111166616111161616, 6166
166 1111166 1111611661 161666 16161166 666 61161161. Wer 6661, 166
116 11611161 6161 11 61166 116661166 1611666616161661 16116 6161 616
teil 1611661166 6161161666166, 1666161166166166, 1161166616 1161166,
cn 1616166 661 116166 61616 11661611666616 summe 161166 61111611
611616616116, 616 1611666111166 161, 66 661166 6666116116661 616 stiffi
den, den 616116 161 661 1611616111661166 6161 161666166, 1616611611
161661 161166 16166666 16 61166 166 rechten, 616111616166161·
16666166 16611616 166 1111166 661 1116666 666616161166166 11616616
661611666111161616111661116166 16 1661 111161166116,616161166616166
161, 661 661166166 116666 111616 16161166 6611616161616 66661161161, ’
616 6161 66 166 11661166 6161 16666166161611161166611616111166, 616
616 1616611666111166 und 1616116116161, 116666 unser 16116, 6166 6661-
166166 6161 616 61166161 wir des 16166661 1161116. Wir verczyhen
uns offenIich 66 116616 111616 61161 161116, 116 6666116 161166 166
Μ616616, sime 6111116 61616661161666 1666116 16661666 16 116166 11166
166 1616 6161616116166, 166 11616616 6161 661616 161161166,16116116116
6166 1666 116 16666166 616116161166 116616, 616116161116 1616111666

611 166 16611616 16 6616166 1111611616 61111611,1611161611666111166

 

