210 Geschichtsquellen der Prov. 8661661.

161 1616161616, 061161 016161, Heinrich 166 1611616, 066161 161
1161661616, 161666 166 Saloca, 161666 166 111611, 066161 166 1161661611,
1161666 Teigscherre, ’116161166 1661611 161 61161, (1661161166 Singen,
Hermen 1661111161 der 161, 116161 1166616, Dyterich 1661661611,
(166116116611666661616 und Heinrich 161 (1616616611, 116 11616 161
“ 161 gemeyne der stad 616 11116116, 1161161666 1166116166 61 dicem
heginwertigen bryve 611 1161161, 161 1166661161 6161161 11161, 116 66
66166, 16161 6111116666, 161 116 1666161116 1616, 1611116161161
1661611161116616 1616 Β1666 61 6116 61166, 611 Wcrnher 166 11611116-
16666 6666 myteburgcre 61 116 661616 61166 61111661161161161111611
1161 1611661 111 16161 6116 66616, crige 661 czweyunge, 1166161611
61161111161161 1111116161 16116116 616 8116111611, 1611616 16116 611
1616116, 61 616111161, 1611116 611 (166161611666611 1111616 116666
161 Η611116161111 6111616 16161666 16161616161116, 661 161 egerente
Wernhcr 61 1616 16611611 1616661111 611 1611 16116161 161 1161,
unse myheburgere‚ 111 61 1666111611 1661 61616161 1616161166, 666616
61116111 66111161, 616 111 61661 16161166 61111166 16161116, 61116116
globit 161 616 16 guten 116161, wie 6111 11 welche 1116116 1611666611
.. 616 111111 616 66166161111 6111 1611161161 1111 1611661611 6111 mit
166116 ummo 116 6116166116 66616, 161 616161 61 16116 61161 61616 611
genez 161116 wollin 661 661116 61661161161111111111616 Dieselbin
61611611 16116 6161 16116 durch 6116 661 66611 1616 1111166 161 66616
6616661166, 111 16111 116161 666 mit 161111 partige willcu eyntrech·
ticlichcn und 1166116161 16 661611 wis berichtet 161 6116616116. Von
616111 161 161 1116661 (16116 1613666616, 161116 61111111616161
1616 61166116, 116 11 16116 166 61666616 161166 86611616 6161 gelegin,
und 6111161111, 161 (161616 1616161, 16116 661116, 6611616111661166616
6661 1666111116 611 Swerborn 61 161 611616, 16116 11 1611661116 16116,
1616- 611 hantgerichte 16116, 616 616 161616 611116 661 1611611116·
661116 161116 661 161 161616116116 1611616116 166 611616 1111616
16161 und bracht 16111, 611 161616 661 616 161 6111616116 Wcrnher
61611 11616161 1661 1116111 1611616116 wis 666 61161161. 0661661
(16166116 Wernher ubir 6116 66116 1616 661 616 1161161161166116, 116 -
1616116 166 116161666616 dorfisSwerborn gelegin sint, 6111161 kirch-
16166 1166611166, wesin, wingarten‚ heve und 1111661616, 116 611 161.
661116 16161 geberch, und 61111661161611161616611166116, 1166661611

6111, 16 6611166 1616111, 116 611611666616111611661611661161116 waren, .

und 1111111116, 1111661616, 1166161 1616161616161, 61111161 16116116
hubin, 161 halsgerichte 116116116161, und 661 11116116 16166 iares 61
1616 vorgenanten sime 1616 16111111 616166, 611 61111 161 recht 61
(1666611116 sime ghte habin, 161 1161616116 111161161161616111166
61166 611111 111 1616 1111611161. Derane 661116 61 1611116 11116616

 

