111166119611661111618161111111611 ΙΙ.Τ11911. ⁴ 441

06111611 8611111161 6611 der darauf ersolyten Fehde 6919116161
, ἰ(1111111616.,611611661 1616161611. im Ε. A.

wir Fn'dorich, Β611116661 11611 wilhelm, 3911611616, von 661166
3661166 1661316196 66 11666366, 61616316166 6111111696, 161166106191-
166119 6611 zu 166119611913, 316196 66 0116661619 6611 1161166 1196 landes
zu Plyssen, 1191166696 61661116196 66 1116961 111119 6611 166 1166161166
den, 11161116 691196, 116196 oder lesen, 1166 wir 1116 6119 61196116, 6661-
1166111, 66611166, brand, 1616611636, 6611111166 6611116616, wie 1666 die
1663 39666666, 11611 661 6116 611913111166611 6666166116, (11661611 bis 111
diesen 11611366 163 6111661196 den 911196 1166161196 6611 1161161166111, 36·
11611616 den 6111916, 0661611 66111111911116113911161161611661663916, 1161196
6616669616116, 6611 den 6166619616196 119616166616161616, 16166 6611
der 6161611 11116116, 666616 1191196 3611111166, von 1619669396 0661611
8611161616, 91666 11613616 611 11116116, haben erstanden und erlauffen,
1619111611, 3666611611 und 61116616 die 639666191111611911 1611Τ6666616116
und 1116 161966616191, 1616 und stat zu 11116119 haben 1166111911 3991661
und 1911611616166111166166 beiden 66111396 161113111116 6166111 1161166
3666166196, 6166 das die 639666166 1161166 von Τ666661611616161611
und alle ire erben und 11611661, der sie 16661113 616166936161116, 6611
1611661616191, 1616 16111 1116 6161 66 11116116 161616116611611911666111-
11661911639 1611616611 11111161161166 61111 366661161166 1161611 6111631161166
haben 1611611196, 616116616191 66 16111616, 61161 6166 1119 6611619 666611-
661661166 66111 1116 666116 6119 61361161 61111 39161119. 1166 6611 auch
(166161861161616 1111111916 11 erbe lusson volgen und sie daran 616111
166666 1111111616. 816 661166 auch das gut in 6119 11611116666111611
66161166 19611196 19616696, 616 11 vater 1613911166 1161 36111 1196 von
Τ6669616116. Wir vorczihon auch 161911161166 161 1166 und unser 911166
61161166 66611166, 161119611161666, 111639 6611 666616611611166111661161-
691196 39661116111 1193611 1161 1116 9366611196 von Tannenroda 3916 1166Ι
1616669161616 6611 11916161 611 11116119 39116196 166611166, 6611 haben 1196
66 61116611 6116 1119)Γ 116661 1631961391 66 11696111611666661196366. 11611
6110661611 111111 1161161196111391116119191116 61116111, 0661611 und 111911911111
die 1663616, 1191196 66 Τ6666616116, 1191166666 vor 6116 6611 6116 611661
611166 und 1116, die durch 66611166 6611 166696 1161166 669 36191119, 11611
3916119616 116666, 11661111 alle 111966 16139661161196 sache 61916, 36666
661161116111166111161196 11611911 1161196 und sollen 16 6119 1161616, 616 vor
161 3966169196, und haben 1166 611 61166119 6119 unser 1636613911611161
6136666166 66691 1161166 3119111396 herren 1161 16616316196 1639613919
166666 1166366. (191196 611 16666611 66618616639116111113666166116611611
iar und (1616661616 1666 666116 161 funff 66116661166136166 1619 an 1166
1196113611 1161166616 163.

 

