Wort- und 81011-110311101.

101100 (reden) 1375, 729.

wyte, eyne, 1001351,375.1352.381.010.
rinnon, rynner. 1356, 4115. 010. fir rinner
1101. 30010301111010 1349, 326.

10111 01101 dubo 1331, 94.

rychtunge und 1000 1340,104.96.010.

8001111000 (3111011301) 1334118,
110100(111001010) 1346, 266.

11110, nenne (10011) 1383, 879, 80.

111201, 111010 (1010111001) 1349, 303. 1355,
10111, 10101100 1331160010.
1010011,10100110 (1011101111) 1375, 725.
1ἳ1ἐ12807ῗ300) 1321, 3, - 1010 (10100)
10111011 0. 10111100 1340‚189.

101011 1379, 814. 1381335. 1384, 888.
1011110 0. 0110101003 1354, 416.

1010111 leschon 1354, 416.

γ · 10101110 (101100) 1347, 278. 010.

101110101 13931019.

11101111 1386, 920.

10101011 repuleram, porri et ceparum
1365, 581.

11ἰ131ξὲ1οῄ11ρο0101 pannorum 10110101οι0
810301 01011 Juden 1386, 922,

111111ογ0 1379, 817.

10101011 1336, 145.

spelta 1354, 417.

11111011 (stenen, 1101100) 1351, 375.

11010 (00111011) 1350, 334.

11011, steyn (stege) 1349‚1049.
3110010100000 (1011010100 1381, 852.

110110, 3010. nn dem 1010101 1349, 314.
116110, 11001 01111110101101130 1340193.
1111911301212Ξ11110100 1101111013 0. 8111011
1111101100, 1111110110 (1101001111) 1357,
472, 481. 010.

111110, die vir, 1367, 612. 1372, 686.
1383, 867.

1101110110 1375, 725.

10 (111) 1330, 90. 1339183010.

1011101 (selber) 1327, 61.

1001000110 1335,131.

11ἰιὲιὲἓ111030 (101111011ὶο10 = 1010011011)

1111, 1100 (compositio) 1326, 50.

1000 und 1000110030 1334114.

111011 (10111301) 1348, 300.

110101 (wo 0110) 1327, 61.

nen 1131110.
111003) 1321,3010.

917

10110 erabilis ¹l, 1010, = sexaginta 1311
13101010 communium vel parvulorum
Το11110011101001 11013011 1373817.
1011011110, 1001010110, 1001011100 (decem,
der 101011) 1350, 349. 1370814, 1387,
952. 1394, 1049. 010.

teningon, 100110 133090.

11001101, 1352, 389. 1354416.
10110εο11011 13911048.

101111 13321019.

10111111 1327, 61 n. in d. 0. Β1110110031-
0110101001ίο 70310 0 1101110010.
1111300110, 1010 1351478.

1001, (111011 10013111011001) 1379, 817.
1001, 11111301 1332, 102.

10100100, 1101011100 -- 150 8011111113
Τ1011031101. 1372, 693. 1377, 791.
11101001 (quer) 1355, 421.

Ubernren 1301141.

0011011 1350, 334.

00010110011101, 011101100101101 1327, 62.
1330, 90. 010.

001100 (0010110) 1327, 61. 010.

1111001130 menschen 1389, 988.

Veneno 1011111.

1011031101 1362, 554. 010.

1011111101, 1011101 1., 1326, 49.
1013011110 (1111301100, 10101100)1338,177.
17011113 0111 010101 36111001 1371, 683.
- 110300 1101 Weinsehenkens 13931135.
10110300 1342, 217.

, 1111000030 (1011131011) 1321, 3.

103111 1328, 70. 1336, 138. 010.

1111100111 1335, 136.

1013, 103113, 1013010 edit 1011010. nv,
1111181, (1187110100) 1336, 140. .
vggflffrgkuessstgifflbffffi 1011011101(101101·,
10110100, 10110100 (11010100) 1331160.
1013011100 1338, 172.

1011011000 1333185.

101110100 == 10111οτ00 1343316.

10111, 101 (1100, 100 11011100) 1328, 69.
11
10100(1ο1101100) 1327,61.

1011111113 1345, 257.

Wnnuren 1011101.
110131ἓ11οῃἱοἰ 3813ωῆ quodem) 1322,16.
1310, weyt, ’1101 1111100111111111.

 

