898 Geechiehtequellen der Prov. 81611161.

116116 16161111. 11111116 6161 611 11111, 11 1111 1611111 111 die 11111616
1111 11611, 111111 uns (161, 111 wir 16111161, so 1111161 wir 111 bestie
11111111 1116111111111, 1611611116116116 11111, demach 111161 die
egenenten 1111116111 111111161111111, 111 11111 dem 111, 61161 11161
11 nemen. Dy 111111 16111116 1111111 1111111111611111111111111
und der 16111161111161 1111116 lete, die wir 1111111111111111111 in
dem 111111 haben: 11111111111161161, den 1111 1111111111 161161,
11611111, 1111111616 11111 111111 111111, 111 man 161111 116111111111
16111116, 111 wir 16161111111111111111 dem 1111111161. 11611111111
111 11611111 111111111111, 111 16161611161. Waz 1111111111111
1111111, die 111 men 1161111, 11 1111116 11116, 111 1111111111111
demite 11 1116 111111111111111161111161. 11111116 diser eynunge
1111111 1111111161 6111111111 111 11111 1611111161 mit 11111111111161.
welde euch 111111116111 11111111111161161161, 161 111 men nemen
und enphan 1111111611] 111 161611616111161 111161 willon 1111111111
1611111111111 11161 und 1161 1111 1616111161. 11111111 61111 11611-
16111111 11111116 61161 1661111 hegin eheyme 11116111 11111616 6111
111611,111 1111111 116 111 1611111161, 111 dem 61111611 1111161 wir
1111111 11161 1111111 6111 11161111111 111111611161111161 111-
1161 1111111111, 111 611 111 1611111111 11111. Τ1111111116111161116
11111 wir in 11111 1111611116111111 stet, (1616166111, 111 1111 161
16111111161111611161116 111 recht 61116116111111 16 1111661116, 1ο
11116111161111 116 1111111, 111 11 gement 1161111, 1111111 111111
11616111111 111 1111111, 611111 11 11 1161116111 1116116, 11 116111161
611111 11111116 1111111, und 1616161161 111 yn sine 11616 1611111111
111 demach 111161 111 16111111111111116111116111616 1116111-
1611 11111 1611111161 geben, 16 161161 11111 116 1116 1111111161
nehetin 11161111 11111 1111161111111 611166111111111111111111161161,
ab 11611 11611111661116 111161, 1161111 11111111 und widerrede; und
welchir der 1111116 1111 61111 6111 11111611 1111161 111 111111161111111
11116111611111161 1116, 161 161 dem 111111 11111611111 1611111611
Were 6161, 111 16116111111111 116116116111611116,161 Got 11611
111116,6111161 111111 11116111111111 11111611 1116 und in 11116111
und 11111 1116111111 und 611111611111111 wesin 111116 6111 16111, 16
111 111,111 11 1611111 111, 11111161161 andern 11111111 an 1111111
hysen 1111111 11111 1111161. Der 1611111161611161611111111116
111 11116 111 11111111 11111 161 getan 111. 1161611611 1111161111
11116 111111 16111 11161111, 111 16 116111611611116111 111 161 111, 111
11111111111111, 16 111 161, 111 111 1611611 111, 11111161161 111611
11 1111111 111111, 111116161, 1116111, 1611116111 111116 11111111 111
1111111 wie 111 11111. 11116111 11111111111161111 111111, 111 wir
1116 haben 1111 der wir 1611111111, 161 6116111161 1611616 111

 

