850 0113· 333 81133333-83313131.

33131333 1373175. 333113 3331333333. 1131181111
8331113331 8113371131. 31331, 1348, 389 1350, 384. 1350, 335,
33133111, 33331Ὓ41133313μ1131· 13133131331131311331331 ’1133
33333131333383113131381837. 1146’- 81131311313311113 (11111313-
3313133131333133333333333, 3131311133 31383... 31333
1383, 881. 1884 831 1349 834 1365, 588- 7111131131111..3
3831131313, 8333313131, 8333311313, 813313313113 13’43, 334 13133113. 8133·
8331331313 ,,8313331111113 81111113 1384, 1133 33 833111 1365, 588- (13 81113·
887. -He¹¹8 11111384, 887 91 Heinrich 3131,Τ1333.Ρ11311311349,334.35.
8111313. 3131. 3 J. 1’383, 881 83131133 81333131313,8113313131331111331,3”31111
33 1361, 535. 83133 131 81133131, 1381, 887. ’1’383,
831, 8331,’ 8331. 1111133118.18113113 875 (1833311311 1383. 873. 1386, 940
1313111138,333.-Αρ311.11111311313, 1388 360 ’1383, 383 13951034. -1131-
343. 111333. 3131111311336,45.-81113113 leuto: 53133 333 831131331331,1014
311131 1337, 55 3-13131 833133831331.131111113133 3. 81333313 1333'1333.
1311311337,57. 83131113, 83131 333 83111 81133113
8311313311’81113311313311111-31130331-1395106333383131133, 8111311333,
¹10¹1⁸1⁸ 3311131333 313 13113 1333. 333.
8333313 1377, 731 8113333111, ’1111131111 111, 1353, 454.
33 83311133, ’131133 11111 1133331378, -1131131111313311333131131131131
797.-13113,31111313 1118113111394, 3831333130311133113111311131. 1396,
1048 1083.-”’1.113331 3311 833131 1355, 444.
833331 331331 (13 8333131313, ’ 45..46 135650.- 331333 1373 730 ’1378,
Bono: 3..83131111313 803. -,9133331 11311. 113 81311133 83. 311
831111, 831131. 1111131111 (11111333 8313113 1375, ’733 30. 3. 3. 811131.
311331, 1333110. 1335, 136, 8113333133, ’81113131 zu, 1378, 803.
8311333111 331133, 8311111, 3113131113, 811333313118311331, 1381, 837. ’1388, 331
1376 767 1377, 83. 1378 737 98. 1379, 1384, 890. 31. 98
816. 38133113311313. 31113311 1115334647,
83111113313333 81313111 1331, 1010. 811331113θί3, 81331, (1318111’,335 1078.
8313111313, 8311111313, 8311011313 1368, -8111331118131111131311313 18931090.
561. 1367, 609. -1'31353333 83113. 311 811333313313, 8131113131, 8133331313,
8331311331, 3313311111. 33 0111313333, 81331313. 11313633. 1411113311, 11131 33-
1339 78 81113133 3338 1365, 36. N. 31331 331 333 81111, 1365, 584. 1368,
-83131131 133113 338, 811131’, 1374, 633. 34· 81331 1’11. 11 1358, 507.
715-8133 (13111133 33131133 13 3' -8,11331·131 111311 831333 13 1133111313,
1388, 363. 1333331311, ’,1333113131 1311353131 1395,
33 83133131311, 83311331,311113311113 10637071.7475767778.1396,1090’
8111131313 1333, 30. 31. 33· 0113 1371, 65663 73 73..76
8311,83111311’1’111313.137368891.13757331393997.
33 83131311, 81331331, 8311311131 333 -81111133113113, 3. 8113311333, Ludwig.
333 0131113131 (03131318 1368, 33031. 8133331311, 8313813111331131 zu, 1387,
8113 1350, 341. 1351, 364. 1353, 99334. 943.
953611155436.1’366,593.1’368,630. 813311311,11131,311131333.1395101
31. 3334. 1’,37368381881375730 8131333, 1331131311,1378,803.
3330. 1373801. 1381, 840 1386933. 8131131113 1378, 8031- 8111 u. 811133 1
33 41 13901388 931. 1’000. 1393, ’1018 1375, 730- 8133131 zu 1378 803
1393, 1033 40 41 13961083 1397’,,1103 8131313, 83131133 3. 0311333 3313113313
-1131 863131 Hos 1)(’11 883113311133- 1335,1’,077
3331111313 1394, 1046. 47. 1395, 1061 8113131131, 8111311131, 8133313311 Herzog
79. 1397,1097.-811331 01313133 (1.1337313133.
8133111 1331, 99. 1333, 111. -811- 3811133111, 8311313 1365, 589.
hincho Joh3nn 1375, 730. 1378, 803, 81333131331131385310,
- 811333113133313318113311331,1113311. 33 81313131 1390, 1311.
831131131,1398,1130.- 313113. 8133331113 3813113133, 8111311313,1111131,133,11
1131313011 0113113 1377, 786. 31.
8111331111, 8131311311, 8111311131, 81313- 8133133313331, Hermann 13931133.
3131,811’1333311,1)311’3181313·333 Klein· 81333, 81131 8111333, 13331111.

 

