0110- 1106 10100000· 30010101.

1385,.900 1388,972. 1389988 1392,
1023. 1394. 1044. —dee 1100110 0100101110·
11101 1388, 972
1600111011110010111101. 101100016001110,
Loberther, 10101101 1346, 266. 67. 1349,
314. 1389988. 13921020.
1101111111οπ 10110 0. 1111011011, 8. Μο11-
01001001 1346, 266. 1382, 856.
10000000300810110000011101 1346, 286.
3011100001 6101110110 13931036.
0108106100001Ρ1375,763.-Ρ10110 001
Judcnkirchhoi 1375, 763. -eder 00110
graban 010 3101011010 1385. 909.- 601
00110 1110101 (110 3111111) 1388, 959. 1393,
310110.

Dus 301001010111601 0110101011 1372, 795.
110100111110101000011101,11001101001111,
commuue 01 publicum torum piscium

1327, 65. 1349, 314. 1380 900 1388,

0100001111 0100000111 1349. 314.
101 600 (110600 (11.-1111111Ιο0).- 101
6011010100 1341, 200. 1357, 422.
30100001111601100101111,1010010011
1326, 769. 1395, 1059.

11031110 Μο1111ι11001000110011 1391,

81100000.

3010001 1100110110 1340,195.

010100 10000 001 1100 1030000110 1391,
6111010011, 001 6001 ungit 1356, 345.
3136105113οΜ 1346. 266.

Vingelergmee 1326, 43.
3010100000111111011000 1381, 850. 1384,
118118111101000 1368, 831.

80010 5011001 gaece, S. 101100000ςο ee

’ 1340195. 1341,200. 02.

Cathena 1324, 33. 610 1101110 1346, 266.
1010011, 00 dem 1011000110, 00101 600
1011010, 1341, 2001349314.

11010 sinte 1101000100 10 6010 1110111011
gemgiu 1346,266.-111000101101000100
137 95.

Markgruengmm 1374, 718.

platee 61010 Neyenbergenguzze (1111001-
0100011355443.

3000000001 1353, 404.

zu dem Nuwin 1101110 1379, 817.

110101 600 0011160100,10101 0300010100
610 811010 110101 1101110110000), strete
publice 1341,200. 02. 1352, 386. 1385,

887

Schottiugesse 1395,1686.

1101100001οθ (Wcldenguese) 1349, 314.
010100 61010 610 Weiterguzze 1327, 54.
dy 110000 110010 11000100 (10 601111101-
struem) 1384, 888.

bei3 73018110 1110, sent 1011 1340195.
1 , l.

Ρ101111110110011.110001100

Alierheiligenkirche: 11110030010003110110
eccl. Omnium 0000101101, 0101101000
1111011101 l gen 1349, 314. 1351,358. 1356,
453. 1378, 769. - 31010001 1363, 564.
Ηο101000110 1324, 29. Α111011110 1110100
11010110 de 110 10000106 pastor und
311601100610 6011011100εο verm pcetcr
ec. 0001. 0110110, 1346259. 1349, 308.
1359, 519 3010111001. 3001101061 1359,
519. 1363,.580 1375 719 25 26 1100-
plebeum 3011016110 60 (101110 1375, 719.

-1111011001 m. Philippi 01 1000111,

Felicis, 16011011 et 31110161 1349, 308.
11001.101.,30111101.01.Ε1’00111 1369,
560. 83- Benedictus presbiter 1325,
750- 601· 1111010001 1354, 420.

1061000161011010001.0.1106100,8.Δ116100

(111101101- 110000011354,420. 1367,
605 3010100000 1324, 29. Gunther 1383,
34. N. Γ1110060110110 60 11000 verus 100101,
1373, 702. 1375, 719. 25. 26. Christ.
Schenke 1375750. 1381852. -111101οτ
1354, 420. 1353489. 1111101101 de 810001-
husen 1329, 198. 1011. 60 1111011 1389, 98.
- 11110110 0. Barbare 1389, 987. -
0110110111οε1346,266. 1389, 987. Herm.
1. 810110 11. 11110010 1. ’11100101 1365,
578. - 601 101111 1354, 420.
006 14111000 1325, 35.

8011101001001111111010001.03011110100101,
sente 3011001000100110110 1335134.
1346, 266- Plebuue:p 1101011000 1217,
l.N. (10011101 132129. 3116011110 60
3011110000 1337,]64. 1106011011 100
3001110101110 1355438. 1351495000-
1001111 111001οὺ0010 1373702. (10101600
60 3011101010 1375, 719. 25. 26, 1011011000
60 1111101610 1375, 250. 13931025.

-1110101 Dyctterich 100 8111010110,

Hei-mannus, 00011101 11101060 1355,
3351011. 1301011110, Herm. v. 0100011·
1011, 3111011010810010110, 1106011011
Beck’e, 1111011101 1. W, Nycteuev. Deu-
stete 1355, 438. Gunth. yv.yWe 1362,
5490001116 Tutteieiben 13981087.
3011016. Advocati 1374, 712. Joh. 60 301-
01010132978. -6111101610411111110
1366, 594. 0. 11100Ιο1 1355435. trium

- cimiterium

 

