Urkundenbnch (166 stadt 1161661, ΙΙ. 111611. 1196

3666611661666666116616666161666166166166666166661161666666666,
(1661661616 61661666 6116 yar uf 66666 1116666666 163 6116611661, 6661661
661 666661 6616661116 661116 666 616663 661 6661666616. 1161116 661-
66666116 36116 661116 116 amyohtfrowin 166 61661616 Cappelndorf yn
666166161161166, 116 6666 1666 666636111661 6661166116, 6111 dar 6666
663666 166666161666636 6666116 166 666616 666316 661 gebin, 66 616
61661 mer 361666 166316. 11666661 661 166 63666616 66116 Η616166
probust (1616 66 1666 661 66 6116 661 durch 61661 6616 66111661
66666 116166, 6666 61166666 ampullin und eyn 616666366616, 616 116 -
1166116 661 6616666613 166616 1611366 6616666, 116666 6111 syme eygin
36116 36666316 661, 166 6636666116 616661116616 6616 61661616 Oappiln-
dori boscheydin und 3636616, 36611661 6666666161 recht und 66161166
66611666616661166 by 1661 661616 61661666 66 6116666 66161166. An 161
6666666666 36116 661-61666666 661 661666666161, .. 1616166116 noch
nymant 116 6636666166 616666166616 6161666, 66316, 66616, 116 666·
666616 61611616166666, 6116616166 heyne not 666 66666 66166 ’611
11616116 666616 666 166 661616 6166111116616 inpferrin, 6661666 616 661116
by 166 666366661666166116166616 661 61661666 611616 66161166 16 6116
161 wyse 616 666663611116 161 1161 6666166 6636666166 6611111Η66-
6166666 661 116 11116661666 6666 Wunen todo 661116 1666666661, syne
cappelan und 6166166166616, 116 66 661116 6161, 16 66116666 6616366611,

616 6166 die 366616, 6661166 166 6616166 6111 vigilien, und (166 16613666
6111 6616166666 611166 661666661166 66366 6616116616. 0666 661116 (116
1661666116 (166 61661616, 116 666 661116 6161, 66666661161166 16166 66616,
16611666 66636666166111 6616 661 661366616 6616661666116661666136
66661666 6161 61616 6616 36666 36661116 666116. Ζ6 66613116 3616661- ,

nisse 661 6661666636 3666 wir 1666616 16616 6111 1611 166 6161 11616116
16663616 661663611, nach (1611611 36611616 (6166666661111 iar in 16166
6661666116616613161666616, 66 (16616 666116 6111661616 6666 sente
Thomas 1636 166 66661616. ·

1367. 1166616666 21. 111161116. 498.

Gerlach, 1166166661 666 Maiae, 66166661, dass er 166666 6661
Solle, 8666116666 und 11616966 zu Erfurt, (6611 alle 6616611666·
66666666 661 der 1166611116, die (666 neunt (116 116616661166111616,
66666616 Erfmi (66((1 (6616611616 (166 Dorles Hochheim 9616966, mii
61616666, die 6666 66666666 waren, jem aber 66666
66616661616611 Wasserlci 166, (166666, Wehren, Fachbiiumen,
1361611666 (1), (161666, 316966, Weqen und Weiden auf beiden
861166 (166 Wassers 6616661 habe. 11161161616166666166 &iuli
116166 616666166116666 bauan, (6666 sie 661166, (661 essouendaseebst

 

