804 Gcechichtsquellen der Prov. 86616366.

6666116, 36 361 6616 6661 161 6661 61116661666661663161116116616
und den crin genczlich 66361661 unde 666161111616 666 61116166661111131.
0661 gelobo unde rede ich 616666616 Η663 666 16631616 16 66166
1666616 666 66661131, 613 mich eyn 661 mit (16666 66666666166 Heinrich
von Sebeleyhcn umme 361616 61166116 6616 361616666, 613 3161 6666636116
orne 6616 mir haben 6661661116, 6636161116 6616 666161161 161, 166
161 116 616116666 6616 66616 66116 6666636166116 66111616 desis 1611163
6166 31616 661 66666 16116 661 66 61113 6666616, 6616 1616 de vor
desse 6661663616611666316666661616116 nemen Ottin 666 16631616,
11661616 666 Obir-Wymer, gesessin 666 1166666, Η66316116611616,
66363316 6661116666, (1616166116 666 8616611616, 66363316 666 116666,
Hansin 6616661166166 666 8611661161. 66363316 6661666116, Tylen
666 116611616, 66363316 666116616161616163366, Hermen Β666166316661,
Heinrich 1611, 66363316 666 8161166616666, 661 Dith0richem von Sthetin,
66166 116116 1166616 666 166616 6636161. Unde wir 666666661660116
666 16631616 - - - - ¹ 1616666616 wir 666 361616 661616 6616
666 6116 616616 6616 66111616 1633 161163,6161166666636166116 3166,
6616111 6616 66661 16116, 616116 6616 66116, 166 166 6666616 Η663
16131616 66366 16661 (116 31616 6616 66666 161116 361 66 61161666
66661131 6616 6666616. Dez 166 16166161336 661 6661616 31611616111616
1616 6166666166 H. 666 116631616 myn 1636611, 661 wir 6666636166116
166616 6116 66316163661166 16316 61116 6616161611 66166616. (1666116
6661 061311 661661 16616661661661 1661616666611661666661613166
1666 666 61661666 61116666611116116 1666 613 116 6663661 666116.

¹ Hier 1616666116 11166166 166 Barcen 66616 eamd.

1398. Juli 31. 1123.

Gcbehard 661 Siffcrd 666 0666616661 6666116166 166 &aet Erfurt
ihr Dors Ussircrode 1116 306161661116133666 (16666166.
Gleichreitiye Abcchrr'lt im Ε. Α.

Wir Gebehard und Sifford von chrnford, 16666 666 1166666616,
16166666 66 1636666 61116 16166, (166 wyr den 66366666 6131616166
dem 66116 6661 166 3161 11616616 recht 6616616116116 yngesaczt 16116
163 16611 [1331666616 mid 66616116 661 666116 obir 1616 661 61161661,
mit 6116 31666 6661116 6666616666666, 6616316,16116 6616661116,613
166 66 (663 hornen 131661 wir 116 166 6666 661616611636331616116,
666 1613616 361661133616666 666336116,116 316 663616661161661 wele
1666611 16116, 661 166116 316 6661 66 (166 36116 dorff und 6116 3166
6661116 666661666666 163611, 613 6666661161 (661 recht 131. [163 666

16166161336 16116 wir unser 16366616 66 16316 1611166166616, 6661
061611 661661 16166161661161 166 16 deme echte und 616661613166 iare
66 166 661663116 6611166666116 666 Petri 61 6161616.

 

