Urkundenbuch 161 stadt Erfurt. 11. Theil. 113

116166 16616, daz wir 3616111631 16166 661 11111 eyn 6161166166 61111661

611616 11116166 1616 1111611616, 1666316166 611 Myzne, 6666116116166
6116116, 616166 116116 6616 116616, 6166 1166611 166611166 6161. 1111161116
fif 66616 Walpurge 163, 6166 616 111116 66 361 61111616161 (1616166
1113616 611 11116116, 116 suren 11 116661166 1113616,11611611616116111
11661 1116131666 6111161666 6613666636161 1616, 6616 61116 1161111116
66166 eyn 1111611 161161616661. 1161661616 16161 uns 11611661661611,
616 116 3611 36161161 von 166 6366666166111361661111116116 1661611611-
6636 611161166 66366, 161 61 666 16166 66116616 36161166 dryhundirt
mark 1611316 6111116. 116 16 611611 111366 666 3616161, 61 wir 6616116
666166, 166 (16166616, 66 61166 116616, daz 61 666 161116 6161, ((616
661 666 166 11611166 6166 16161161] 161, 6616166 wir im 616616116116616-
61666 161366 unde 1616616666. Ζ11 616616 61116616 1111111 1616 wir
dison brief vorsigelt mit 666661163661361. (1636116 66 1111616163
6661 (16116 36111166 1116666166111116116 demsechsundrycigisten iare
66 (1616 666116 1111636 616 6166 616311 oculi.

1336. 11111610. 11666661. 143.

Η61661611 (161 Altero, Voyt 66611666, 6611116661 6611 (1616 [1661966166
Friedrich 666 1161616666 616 11161616 66666 die 81611 1161661 661
1166116116, 166166 er 6666116111, vom 61616166 116166161616661 66,
wo des 1661966166161616 mit der 816611 66111111, 150 11666
(6111161666 und 11666616 16 111νὶ6666 66 6161166. 11666 aber
(116 Horren im 0616616616 und 16 meissen 1616166 Stadt 111661
116116( 6611166 661 des 1661666166 161666 6616166, (1666 soll der
16616161, 6666 (116 150 Manu 61611 6666111166, 66111 50 6161611
6666616166 Lente (1666 stetten. 8611166 6161666666161Η61666
611111 1161616 werden, (1666 1616666 (1161501166616 1111616666
6616661161 werden, wo 66 61116161. star (1161111116, (116 616 11161161
1616· (166616 soll, 6616661611 1166161· 16616161 9008611661 (16666166
661 616 Psdnder (161116 (116 3611111666( 1166111116 und 8611166169
66616 (116 &cutte 1111166116 661 (16111616.
- 11166 1166161613666166, 661 (161 1111161 gegeben 666 16666611
nach (16166 3616116 11166661661611161161 6661 16 1616 66616661 111- .
61316166161, 66 1616 6116163616 161 vasten, 66 6166 616361161116.3

Or. (6113 Sim 1161, H. (81.1. zu 11166166.
Schmidt, 1111611161 1711616 von 11761116 Nr. 764.

111611. 26.(116 61196 1111116136. 1116 (16616116111616611116666611616616
zum 61166166 Tea (66 (161 &chamum (166 861166 und der verpsdndeten 8611116661
und 811116 11661611, 66 166616 von dem 661111611666 1116116611 dorsalium hier 6166661166

mmm& 1116661111. , g

 

