882 0110· 000 Ρο1000011-110110101.

101001,11011101101 1399,1018.1393,
1041. 1394, 1046.

11011011011111101133000111110101.
·0011110 v 101101100010, 13931039.

81101, 00118110100 1017111001,1395,1.8101110110,11 Ηοη11011011,1111101

1073.1396,1094
81011011, Ηο111.001(001000111360,591.

1334,116.- 1100011 01010 011100,
1366, 601.

0811111011, 81011011810110111, 8101111111, 8100001, ’11010110181111013411966
010101 1395, 36. 8’1,375 759- 011161 8101111010110, 810111010111, 810101110111,

810010, 110110 10 1011001010 Gi. 11010·
rich 1346 963 13716561379,688
1373, 703. 1375, 790, 39, 34. 44 59, 1977,
7881378808 1370, 811 1380 830
1384 891 99, 13051075. -.G1in 801110
1010610 von 3010111011, 1380, 894.
1385, 906, 08. 10. 19.
810110ιῖΙ 81011011, 311001. v 8010101-
0111181, 1335, 131. 36.
1. 81011011, 1101011381959. 1388, 953.
810110, 1000011, 1110011 1330, 91.

8101101110110, 810101010101, 81011010-
110110,810110101011111393,96, 11001391,
56. 1393, 96. 1398, 70. 1380831.
1390906. -311001101ε 70101100 80011
1369554. Heinrich Void 1398,ll22.
-10011011 901011 1011 1390, 906.-
80111110101010 001 1011 1349, 399.-
1011, 11000, 01110011 1390, 996. Ηο10
0101010111. 0011111010 13991136.
-Κ1οιι1101100 1399, 1136. ligna (110
3111011 01100101 1398, 71. 1984, 884.

8101111101, 30103010110101013951077 v 8101101110111,810101110110, 8101111-

810111010, 810111011.810111010 1379,
813 1395,1073.1396,1094.

81011001, stadt 8100001, 1378809.

001 810111, 8011001 1351, 370- 10100
03011010006101100111110 1399, 1017.

vom 81011, 810110, Heinrich u. 1900101
1375790-8811101319815

81010, Hermann, 1111101 1388, 958.

811Ξ11101913, 11011016 110110101110, 1111101
81011011 (100100, 1111101 1371, 676.

81010110 101,01 81111000, 8011111101 001
14011101378, 809. 1387, 944,

v. 810111011, 0110, Ritte'r 1381, 837.

10110, 8101111110110, 810001010110,
8101101110110, 1111100111, 10 1110011101.
1111101 1368633. - 010010 1367,60.·›.

-110110011 1391, 1. 56. 101110
139156-1111001010,1100001010,
1111101, 139153. 1331,95.1339,109
1333, 111. 1343, 998- 11110011 1393, 96.
-0110, 3111011350338-1110110011
10 11011011 1349, 313.

v. 8011101101, 8111011101, Ηο100 1101-

1010,100. 10 Ap 100,1398,1199.
-00101010,100.10 10110013981199.

00 8010110101οη, 0111110100, sacerdos

1357, 479.

8101001111100111, ’1101701110139989 0801010,1101100111370,671.

10111011110100110001110
stetin, stiit 010οι1, 1311, 001

800011111οω1, 11011001. 0.Τ,0110 Κ11111-

001, 13911046.

810 111130001100300110 31011101. 080110111100011, 11111 1378, 799- 1101-

810 ,,810110 11011 10111101001350,
346. 1359, 400. 1356, 456.
8101110110,οω100,1359.389,
’331311 31333 {11331‘330

01000 1350, 349.

10 801011010100, 101101 1358, 499. 509,

-111111001 001000 00 30001010, 00101.
v. 110001010.- Ηο101101 010 0011101,
0101. 101 801001111111,0,010101 101

1 810110, ’1100010 0. Ηο100100, Κ100110 8010001011.

1333310810
8110111000 1368, 630.

v. 8011100110· 11 1101010101, 3111011348,

990.

8011100100 1380, 896.

8110101, 8110111,1011011, 101 1394, 30. 801101,Ι)011Μο110001101310101001309,

1397, 60. - 11111111 1344, 944. 1349, 399.

1133.

010101811001 0οΤ1111001010101101100 8001,80001,11011 3111101· 1375, 790.
1399, 74.- -100 811011011,101,3011- 810100011,11011011359,8.400
01011 10 Τ1110, 01010010110, 1351, 374. 8001100001οθ, gnlozz 1369, 636.

1111101 1356 459. 1000111101. 3100
01110011 0. Ηο1010000.801101356,459,
811011011 1378809. -1101031111011375,

8001001111, 10 001 81111111 01, 8111011378 8,

809-1101 u. 3111101 1010110,

8110101010, Ηο10101100 1101. 10, 1343, 938.

79013981191 3100101 1375 790 08110111, (11000 1010110 1335, 196.
1378, 809 (1-011110, 3101111001 301010- 0181101,3010010,170101101,110111011101,

111010 1379, 693 93

1100100011 10 30111, 1390, 1000, 09.

8101110110, 101100. 10101010 133091- 00 8111011011, 00010000 1336138.

 

