0110 111111 1010011010110010101.

11. 9.

Faber, 1010111100 1328, 69.
1·“0111011110111011010 dux, Boiho 1355, 442.
1356, 450.
1101 11111 Falhinberg 1375, 747. - Wcrncr
1375, 748. Lendvogt 1111111. 01101111
91111111,00111111010001101111110011 111, 1342,
901110, 1101100 1372, 681.
110 90110, 0110111110 1101ωο11111 132650.
Vanre-Weuigcn, 11110111οτ11 bei (10110,
1356, 452. 1364, 572. - Einwohner ι 1101111.
11000 111111 01011101 ernFriedrichs 1356,
452. - 00010010 01011101111112809Ν.
12901011, 1291, 13 Ν.
1,901110,1111111010 1364, 572. - Heinrich
1323, 26. 1353, 405. - (11011101101411011-
010111 1346, 268. - cen. 1000101011
1364, 572. - Konemund 1350, 342. -
0110 1323, 26. 1111100 1327, 53 133195.
1301101. 1010111, 1310110. laec,
265. - Τ1010 1353, 405.
Vargula, 901110, 801110, 8011000 11. Dori
Grec-Vargula 011 der 1111111111. 1322. 20.

1323, 23. 1349. 323. 1385, 907. 14. 1386,
928. 1391,1009.11. - Kirche 1382861.

-2 31111101 vom deutschen 110110 1349,
v. 9011110110, 011101 1356, 451.
1111011101010. Nickil 13951077.
9010100111, 10110111 1358, 515.

9111011, 1101111101,1111101 132430. 1327, 60.
11. 9001111110, Hermann 13951078.

1. 9011111, 8001110111 1352378.

9011011111, cccl. 0. Murci 1326‚1088. 1398,

90111011, 11100101 111, 1378802.

9101111111, 9101110111, vicecom, 9101011001,
9111111111, 801111, 1111101 1374, 708.
— Ηο1111101111 1368. 633. 1380826. -
1101011011342,216. 1351477. 1362533.
1399, 1140. gen. W dcck 1323. 26.
- 1011 Appoldc, 01101101 1337,160.
- 0110100101.

Vipechc, 9111110010, Vypech, Vinpich,
80110011 91001101 11. v. Erinrt. 80111000
und 0011 1387952. 1388953. 67. 1389,
977. 81. 1391. 1005. 09. 11. 13921027.
13931039. 1394104354. - Einwohncr
1349, 330. 1353, 401. 1379, 812. » 1111111-
1001111; 1111001 111101110εά00 1379. 812.
·- 1111111οι110 111111 9611101 81110111 1100011·
horn 13921021. Heinrich v.Sebeiciben
1398. 1122. 1400, 1146.

9111110110, 101111 1011, 1354412. -
Δ11110011 und Dytherich 1351,365.

ξ3112110011, 0110 11. 01 8111101101 1379,
v. Vipeche‚ 91110001. iohannes 1353,
401. 1361,537. 1374708. - 1111011
1374, 708. - 0110 (11. 1111011011. Fratri
1387, 952. 1388, 953. 60. 61. 67. 1389,
97181. 13911005. 1392102127.
- Theodericus. Dittrich, Tine! 1328,
69, 1329. 73. 1342, 219. 1360646.
9111101οΕ10ίο1 (11011010101111 1355426.
9100010-1011011101110, Iencnhoybiis.
Lcwenhouhitn,Lhwenherrntvippech, 1347
206. 1349, 330. 1352, 333. -1111111011101;
Τ10011.1101000 1353401. - 11011011 111
L: Alhrecht 1347, 206. 72 - [11011101
1347, 206. 1352, 383. - Heinrich 1352,
383. - 110110101ὴο 1352383.
9111110010, 9100001-110111101011 auch
Vdenhuscn genennt 1329, 73. 1352,
379. -de 9100010-Μο1101011011, Theoti.
et filius Johcnns 1349, 330.
91110001, Vippcch - 110111, 1101111 1342,
219. 010111 und Niedcrn 1391, 1005.

1101 910001 1343, 241.

1101 von Virneburg‚ Hauptm. 1111111.
(10111101 1.Μο1111, 1362, 556. - (11111
1111010011 1342, 225.

v. 9100110111, (1011011 1324, 30.

9100011001. 9100110010, 910011001, 91001-
110010, 9100011001 6. 08111111, 1324, 30.
31. 1327, 63. 1114322728. 1385902,
1386, 924. 1391,1016. - 1101 1110 11. 1110
1101001011 13213031. 13275960. 1343.
227. 28. 29. 30. 31. 39. - advocatus Ru·
110101υο 110 Α101 13311114.

110 9110111001. 1101111οη11110 1331,101.

8101111110 12901211.

Fianc, dictus 111110510118101100, 0110110110·
11. 0111001110 1326, 50. - (11111111011101326,
50. - Heinrich 132650. 1327,61.62.
- Ηο111101111110 1326, 50.

dc 1101011010110 F 1010110. 1111ορ11111 00111111
100011 ’110111 1377,782.86. - nichao!
8011010100 1378, 797.

de 1111101010. 1101011010 1327, 67.

v. 90111010, 1101111111 1352, 383.

9011, 00111011, 1111101 1388058.

9011 0801010011. 1110110111 1376, 77 Ι.

911111, Heinrich, 000. 111 811111011101111
13981122.

9011110111,90111011011111 v. 1101110. -- 011011
- 0901101011,1 B.

1011101010, 11000 0Βο01101100, 111, 1395,
1077.

110 9010111010. 9011101010 1111100 1323, 25.
-1010111100, 1111101 132130, 132645.
1327, 60. 132872. - 1111101111 132045.

 

