730 Geechichtequellen der Ρ333.811311333. -

leh Ditherieh 83113313, 311133, 33113333 3111311131133 33 desem 113133,
1133 mich die ersamen 131313 1313 der 3311, 1113 rethe und 31311 3311
Ε1113313 333 33313 33113 3311 3133333333 (1333133313033311111131113333131
3311 11113 1133 311131133 331313 und 3333311333333 11333113 1131113333
3333 3311 der 31311 11313313 333313 311 33333 333333 113313 333 11333333
11311 3333 333 habene, 33333133313 3113131133, 33131113113 und 3331113113,
333 sante Walpurge 1333, der 33111331 1131311, 11313 3311133 133, 1113 3331
33311 eynandir 331313, 3311 hed mir 33311 1113 3333313 31311 1131133111
333311 und 313111133333333113 13 3113 1133313333, 313111133311333311331113
31331. Von ersten 331 1311 daz 3133 331333311311 1133311313 331111333113
1131113 33333 1333333133 3311 1133333 3313333 331133 manne, die 313113
3111 113313 1133333113 33 113313 thore 311313, 333333 1133313333 3311
3133 33311113, 11311 1113 1131113, 113111111 1111111133111113 333 133333 1333133
11311 lone, 3131133 3333313331131111313313331, 1133333 331 1311 1133311113
313113 habe 3311 3113 11313 13113131333333, 3133 133333 1311 3311113 1113,
1133 1311 1133 333311 3113 deme 31333313333, 11313313111133 333 3133311
33313 1133313, 113331313 33 3133 11333111 313, 3311 11113 3311313111 33113
33331133 und wel 3333113 3113 mynen eygin solt und hoste, die eyme
3313 333 111113313 yedez 13313 3131113, 333313, (lyaee, 11133 3311 3311313331
313 3111113, 313 andere der 3131 dyner; und 331113 333 deme 313333 31113
1133333 3113133113 11333113111313 31113 13333311333 133313 333 3333333113
311113 11311 3313313, 33311 3311 1133313 3333331313 31113, davene der 31311
1331 31113 33113113 311131113 333133, 3333333313. 03311331131111333133
3311 333131113 (1333113113111 3111311133333311333333331333311311 3311111331]
3311 31133133 1113 3113113 3331113 3311 33113 3333333311 lesse, 313 1133
331 3313331 131, 11311 331 33 311311 3111 deme 333131113 3311 der 113333 331-
1131113 11311113 133111 3111331311. 11311 eb 11333333 13111 33113111333 31113
331113331131113133113, 1133 331 eyn 3311 333113113313 31113 3133111 1131113 333
13313 11311 3311 3311131133 33311 31133 3111111. Η13313133, 33 331 1311
1131113313 3113 333131113, gulde, rente, 113133, 3333113, 33313333, 33113,
3133333113 3311 331113 33333113311333 (1333311113 3133313 11311 3331311113
0333113113111 1113 33333313 11313 133 ynne 1131113, 11311 331 1311 der
gebreche 3311 313313 311133, 3133 113311, 1133, 313 333333311331113
3131, 3111331311 1113 gliche und 3331113 11113113. 011311 3113 den mist,
1133 11113 deme 313333 3311 13 11331 3331333133 3313331111 131311, 331 ich
1111 den 33113 und 13 1113 1333333133 133313 13333, 3311 (1133311113
1333333113 1311 311111331131131113 3311311 331133 13313 331131113 3311 1133311311
1333111. So 331 ich 33311 dez 11311313, (133333113313313333113111, yedez
13313 333 myner 3311113311 3113113313 313333 333 1133333 eynen 113313,
313 3133 den noch 131113 3311 1313 11331313 331, 1133313 3311 313111 3133.
111111 331 ich 1133 3311331311 31311 1111113313 1133331313 1113 331333331311111
11313 133 331133 13313 3133311133 3113 331113 111311313 1113333113 3311 11313313

 

