872 0111- und Ρ111111111-111111111.

1349,304.11.l8.19.1350,340.1351,
364. 70. 1354, 411. 1355,42’7. 1357, 489’
90 91 92. 1353 499 1362 551 1365,
576. 1366600. 1375 722 30. 32. 3536.
4743. 59. 1377,791. 1378, 798. 803. 1331,
349.1390,993’.1000. 13911010. 1398,
1121. 1391, 1123. 30.

Prepoeiti: 1390, 1000. 3111111111311·
tholin 1335, 127. 1333171. 72. - 611111
1.1“1111111111111 1349, 305. 15. 161727.

1111111111 1315, 723. 29. 62. 1376, 766.
1377, 781. - 1111111111 13931039.-
Heinrich Beyer 1. 8111111111 1375, 734
35. 36. 3733 39. 40. 41. 42. 43. 4445. 46.
47. 48. 49. 50. 53. 1378, 797. - 1111·
mannus 111 11111111 1336, 155. - 31111111
1335127. 1311614147, 1338,171.72.
1343, 232. - 313111135141617. 1355,
43234. 1355441. 1356,455.1357,491.92.

31111111111 61111111 1354.416.17.
1355,432.34. 1357,491.92. - 1. Hein-
11111,61111 1375, 739. 40. 41. - 1. 711-
111111111, Oune 1947, 269, 75.
0111111111 6111111 11111’811 ne 1397,
1100.- Τ111111111 111111 131’.5, 5728 29.

(111113111111111111111347275.1’3,54416.
17. 1355. 432. 34.· -11111111111 1357, 490.
0111111111 de 3111111111, (1111111111
1336, 158. - 31311111111, Luppcidue
1337,169. - v. Β11111,111111111111 1347,
273. 74. 77. - de Fridebcrg, 5111111111
1836,158. - de Fontibus, iohannes
1336,158. -de Giichen, Hermnnnue
1289, 9. N. 1290, 10. N. - 1111111111 1397,
1100. - 111111, Τ1111111111 1375, 723. 29.
41. -1.3111111, 0111111 1341305. 1374.
714. 1397,1100. - dc Sauwelnhey 1111,
15111111111349315161727. 1349,24N.

-111Τ111111,.111111111111337 163.
111111131111Ρ6111111111111111111111,
3111111111111111· 1347, 269. 75. 1349 305

Ν1111111347,275.-111Ν11111111,61·11
11111111,1355,’429.-1.11111111111,31·
111111,,,30’1ζ1111111111111 1111111111, 1341, 269
133 6, 147. 1347, 269. 1349, 305.- -ron
1311111,Β11111111,11111111336147.

11111111ώό111 327 61 1350,.3461351,
375. 1352, 400. 1357 438 etc· 1111111,
3111111113111 111, 1374, 714. 1375, 722.
29. 32. 33. 34”,” 35, 35. 37. 38. 39. 4041.
42. 43, 44. 46. 49, 53. 59. 1377, 780. 91.
1373797806. 1331,341.42. 43. 44. 45.
46. 47. 48. 40. 50. 51. 5253. 55. 1332,
864. 1383367. 1331396900. 1385901.
19. 1386, 925. 37. 1333, 972. 1339, 983.
1390, 33. Ν. 1390, 991. 92. 93. 94. 1392,
1022. - 01111111, 01111111 13901000.

1.1111111111111,Ε111111111

13921024 1393, 1038. 1394, 1046. 558.
64 65. 66. 1396, 1083- 6111111111 1291,
13..-Ν 61111111 1348,280,81.1349,
24. N. 1349, 804. 07. 10. ’11. 15. 16. 17. 18.
19. 20. 2122 2733. 1350, 34148. 50.
52. 1351364. 1352,389.90. 1354,
410.11. 16. 17. 19. 1355, 422. 23. 24. 27.
29. 30. 31. 32. 34. 41. 42. 444546. 1356,
450. 55. 56. 57. 58. 61. 62. 64. 70. 71. 1357,
489. 90. 91. 92. 93. 98. 1353, 503. 05. 06.
1359, 516. 17. 22. 23. 1360, 529. 1362,
550. 51. 56. 1363. 566 1365, 576. 77. 33.
1366, 592. 600. 1367, 610. 1'2. 14. 1363,
616. 18. 25. 32. 1375, 735. -Η111111111
1329, 73. 30. 1330, 84. 88 39 1334,122.
1336, 157. 58, 5960. 1337, 163. 67. 68.
69. 1338, 171. 72. 1340, 190. 9294. 96.
1341, 199. 201. 05. 10. 1342, 216. 17. 18.
22. 25. 1343, 232, 3335. 3637. 1344,
243. 45. 46. 50. 1345, 251. 1347, 269, 73
74. 1349, 304. 05. 071113. 151617.
1350340. 1355 441. 1356,455. -Johenn
1372, 683. 84. 85 86. 87. 88. 93. 9495. 98.
1375, 723. 30. 35. 43. 1376, 767. - 1398,
1112.16.17.18.19.25.1399,1135.37.38.
-Ludwig l374,711. 1375, 720. 23. 24.
30. 38. 43. 46. 51. 59. 62. 1376, 766. 67,
7380. 1377,781. 82. 83. 8586. 90. 1373,
797. 93. 802. 06. 1331, 340, 1382, 862.
- Matthias 1322, 1719, 1324, 33. 1325,
3913264651. 132753133383. 1342,
217.- Peter 1322, 19.- 3111111111 1217,
1.Ν. -Werner 1322,19.
17111111111111, 1111111111 vices archiep,
1111111111 ep. 6111111111111111111111111111.
-.111 1111111111ιεί1,111111111111111111111111-
lingen- 1111111111111111111.111.,Τ1111111·
111111-1Μ111111111111111111,1.111111111111.
-Scobeneis episcop, 111111 Hermennue.
Ecclesiae. 111111 ed 11131111311111
011111 1111 Frenkenberg 1392, 1022.
0111111111 31111111 v. 311111 13’41, 201.
1111111111.Μ111111111Τ111111111111111,
11111110111111119111111111,1375721129
Eccl. 1. Ρ1111 extra 11111111 Ρ1ο111
1111111111 0 111111111311, 201. -01111111
Hermann 11139191.
131171. Victoris 111111 muros: 11111111
1111111 1349,24.Ν. - Ν11111111 1343315.
16. 17. 27. 28.- 31111111111111011392, 1022.
-111111111111 1 Dippung 1111 1346, 261.
(111111111Τ11111111111111346261. 1311661..
Clerici Μ1111111.11111.1 Heinrich de
111111 11111. 1371665- ’111161111111
1377, 785. 36, Ν1111111101111111 1377,
782. -11111111111111111, curie, 1. 1111.
cedis 1336,153,18. -1, Megunt. con·
ciiii 1111111 1399, 1138.

 

