708 (1000110110001100 101 Ρ100. 8001000.

1189. Mal l. 981.

Siferd Kessilboms 1100 Alere„ Revers 000011 den 1101 1111101111

iiber die 110011110011010110111110100 8011100001· 1111010011.

Or. 1011 d. S, 1111 11011911 10 Μ. 110111111111011011111111 1011001101·οτ
Hand: Die 1110110 0101 0101100010.

101 811011 Κο00111010 101 011010, 101001 100 11110110, 10100110
01101101 00 desem 11110, 110 1011 110 01010100 01000 1010101111, 110
10110 001 0101 11110110 11 0101 11100010 011101111 101001010000, 00000,
00110110 0011001111, 111 die von dem 0001100010 01001100 000 11100010
00 0101010011 0101, 00000100010 1110 100, 0010111010 001 0011111010, 101·
01011 1101 1000101001110110 1110 000010 111, 110 0101 datum desis
111100 0001 01011 00010111 001010, 0000100111000 01111110 0111001111
00100 00101111000001 01000100, 110 101 00 0000111010010011, 1000011
001001010011011010, 001 101 101 00 00111 0101111101 00101 1010 10
1110 101 meze, elz 1110101 0000110111] 0101. 100010100001101 101
0101 00110001101 10010100 001 1001100 01 10000 00000 110010 1101
1110110 stetis halden 0001 10000 00001 111010 00000 1000110, 0000
101001100, 100000 00011010 001 100000 00000010 0111 vir pferden und
000000 00100100 1011000οη 0101100 00101 0011101 1010, die 101 nemen
001 0001 11110 00000 111100 000 11111110. 1110001110 00000010 001
00110100 110 0100011010 0101 11110110 011 001010 01010001010010100
0101100 001 1011 0001010. So 011 101] 0001 1000 1110111101001100
11110110 010 001 111100 001 0111 100 00010100 00000010, 00110100,
1100100000, 10101000 001 00011010 1110101001110 11110 100 11110110
010110, 101100, 000100 001 00101000 010 0110010101010101100010
000 0000110, 001 011101 0001 0101011000 1100110101001110 001 guter
gewonde 1100111 001 mit 10111 00110110 00 00111010 10110ος 001 01
101000 10110100 01100, 001010000 0101 00110010 001010010, 100 011 000
101 101 1111101ῐο 01001110 011]; 001 010101111 111001011111111001101101
10111 001 00 111100. So 011 0001 101101 001 110 0101 Ε1110110 0111
0111 100 00010101] 10000 00000010 00100000 00100100 0010010100
0100, 010 011 10 101 0111 0000101010 0101 1011 00000 111100 100
11110110 011100 1101010000 1101 101110 01011. 1101000011,111010 101
100 11110110 1010000 000000101111 00100100 01 1010 010000 100 11000010
00110 110 0100010100 00000010 001 00100100 11100 00110, 110 001
101 10001000 001 111100 1011 00000, trinken, 1010100110101000, 010
10000 001 011 110110 100 11011 0000111, 001001 man mir von ye 10111
00000010 11111 00100 1111001110 001 10000 0101100 0011100100, 001 von
ye dem schuczen 0111 00010 pferde 00010 00100 00101 1111000001 01000100
00 100 10100 00110 0111 0101 01110101, 0110101 1010011011 11001101
1011, 011 010 110 0111 001 10 010000 1100100 001011. Woilde 1111000

 

