11111 Geeebiehtsquellen 11311131, 1131111311.

31333313 lehen gingen 3131133 313 31333 weren, 1331331133 331133 313
1131113 33 1131311133 3111 on 3113 3113113113. Wne 3131 andire 1331311,
31313 3131 313333 33333333 331133, 113 331133 3133131313131133 noch
1333131 3333333111 131113, 11313331313133133, 3131 313 331133113
1133113 3131 13 demit 1133133, 313 313133313113311131131331333131313
331133. [13111331333311313311113133, herren und stete, 3113 331 11
13113131, 11313 1133131 13311113131331111333131, 331133 3331 13331331
3131 13333131 3131111313311313 333133, 11313 diesim 1331111313 3333113133
3131 yn 31113133, 13 1131333313 3131111111 nyemenden, wer der were,
13 11131333 131133 1113133, 3311311, 13333 noch richten, 33 33331313 denn
mit ir 31131 3131 133 1331313 131133 33131 yn 33 3313113 3131133111333
3133311 331 311133, 313133 were denne, 133 331313 333133333111311
1131331 1133313331, 131311331 331 1311131131331133. 1113133331, 133
11313311313 3313111333 3131 1331113311 33131 yn 3131133 1133 3113133133,
11333113 331133 3311311311 3311131133 113 333133, 131 drey die 3133333133
3113113311311 133 1133113 1131 33331 333, 1131113 13 Β313131, 331 113
331313 1131133 331 31313 drey bynnen einem monden 131111 1113333
werden. Moehten 313 3131 3111313 1331113311 31311 1131133, sn 331133
“ 31313 yn Heinrich Knorren 3131 31333 331313 13333333331333113
1133113113 13 13 133 133133 beseznenern¹ 133333 333133 13 313331
sibenden, und wie 313 denn die sibene oder der merer 1311 33131 yn
mit frnntsehaflt oder mit rechte seheiden, 133 331333 3113 311311313
33131133 3311311,333333311133 eygen 11313113, 1313131113331113 siben
3131· 131 1113131 1311 33131 yn 3131133131133 331133. Und dieselbin
33131113313 331133 3331 3113333 13131111 3313113311 1131133. Und.
3313113 3313113333 331 3331 3333131133 331 3333111 331133 bynnen
eynenr 31331311 13 131 3131 13 1111311 3131 33111333, 13 13 31131
13333311131313 33111 331131, noch gelegenheit 3313131 sochen. Und
3313 13, 133 131 333333313 31131133131 13 Μ33113, 13 (131131 331,
31331333 111 133 131333333133 13133 11331313311113113, 33 331133 113
311311 Β3133 133 Bysemburg oder Thymo 133 (1311111 3131313 nndirer7
den wir 3131 131 3333331113 33331 sun, 1311131113 133 Beheim, 1333
131313 331133 1131 gebin, der sybende sein. 113 33133311131331131
313333331311 1313133, herren 33131313, die in diesim 1331111313133111133
3313, 13 133 andern besessen mannen durch dheinerleye zugriffe,
13333333 3131· 33111 333133 311133, 113 131 1133131133111131333331131133
33133, 3131 hernach, die 33113 131133111131333131, 333313133, 31311
1131133 nach 11311133133333, 3131113331113 1313131 11131313 313113·
hummern in 1131333313, 3331111113113131331 3111313 133 331313 33131
yn 13333333 menne 13111313 herren 13131113333331133133311, 131 11
1333 13 1331113 31331113 3313 331, und umb 3313113 333133, 113 131
diesem 1331111313 333313133 33133, 33 31 31313 mag, und umh 311111

 

