Urhundenbueh der 81311 1131031, 1111311. 221

hube 130133 3013311133 30 130 33100130 3313330 303133 3131 30131031
nmb fiinfhundert und 3030313 merke letiges 31113331310111331 33-
0131133, 01333001 0333, 001 30310013030313 acher 010333130 und
30303 301313 ver den zehenden‚ die von denselben 0103333130 3301,
3313330 3113331133,133 3311331333 3313330 310 30 13083111333330
' 10313101, 0133 echernan 13313333, 3311301333 30 330110131330313333
001 0133 3313333 30 denr Burnteyl, 113 3313313 3033313 3111333 133 0333
313 3033333131130 131, 3030313 0331133 hornen 1331131333011313103133
messes 30 133 ,mulen 110133 dem furwereke 3113331133113 1001331
0333313 1011333 3111333 133 00333030130 0330. Wer 3031, 133 man der-

selben horngulte der mnlen 3131331033, 133 331 man in 3333333 von
ander horngulte des 3033303013011303331333. Dine summen 31133133
30333030130 3013 001 30113 3101 311301001331 marche 1011333 3111333,
113113 00333030130 13301333 0133311310οᾱ 001113331113130,00113333]13

331110 003333 30333030130 herren ven 11310333 001 133 3111133 003330
013330113130 3303010013313331 3101. 1031301130 31313130 1333313333
henwiges 1013333 30 1331130311, 113 10 3331, 313 013 33131110331 13130,
3113 1333 30 130 00333030130 guden und 301130 101330 301130. 31031
13130 013 10 33133330 001 301130 ynne 131103013000333030130 30130
133 1311 1333310330 3310 senet (13033301311313033101310 fnrwereke
1133 30 133 30133 1103 3310 133 300130 00113003333301010311133
31311οη33 von dem 0333330 11033 113330113103130, 0010130 31133
3033130 33031130333013113 1033 0033303301 Wer 3031, 133 313 hein
nottnrfftiges huwe tedin in dem hove 0133 30 133 030130, 130 gebu
331130 00333 13333, 310 0331100330 0013103111γο 01331330 erben
abelegen 0331 0033101311 3011 1301 wydderkeuffe. Aueh 301130 313 1330
010 13311330 001 10 130130 13031330 10 133 1311330 133 0030333113 303
3313θο300333. Αο01 301130 313 0011333130 31131133 30333030130 301
00130113 13311330 001 13130 mit 31130 130 fryheiden, eren 0013331130,
313 00333 00333030133 13333 001 310 311131313333330 und 331311
13130113301113301333,313013331301113331130 301001 30113 1310 33101
0133 33313113 1100 301130 013310 heyne 0133 ymandt bekommem, die
11333 selben 301 001 301130 13310331, pleger 0133 1010300133 3101, 001
’ 301130 00333 3033303013 herne 00011310333, 310 0331100130 001 310 stin
und amptlude dysen selben keufern 001130 33130 by allen 130 eren.
013330, fryheiden und rechten 13131130, 3133033333131130131, 303 3333-
1131, 001 3303031131 13330 333131110330, 0300 10 133 0011131013333-
303031 033130. Were 3001, 133 heyne 0113013 0133131333 003130
3033130 1330 311113 30 1310333, 133 (hot 0113000113, 01331003 herren
under dem 313113001 33333330 3101 0133 0031 31333013 werden, 0133 00133
der 3131 30 1131031 0133 00133 13103 herren, 13 die keufer 0133133
33130 133 30113 001 3013 demit 33333330 03330, 1333030130 313011

 

