1161661661661166516111161661. 11111611. ’127

1391. 111166 9. bamberg. 111111.

Wenzeslnus, 1161166166 111616, 66116161 61611 661 demeat 6111161611
166666 (166 «166166 6661 1661611161 (166 1111666611 (166 Ρ61611661166, (1666
sie 616111 666 dem 1161661611, 66611666 666 661· dem 61616616οή66
(16616111 in Effert 1616661 werden 1116666.

Or. 1611111161 1161811161111,
Jaraeznesky, Geecb. (1. ,116166 in 1161661, (9.88.

1116116616166, 666 (16166 66616611616166166 16616, 66 61166 661166
166666 1661161616 661 16616 611 1616116, 16166666 661 166 11161
6166116166 mit diesem 1616661166 166, 11616 66166 6166166616 lesen,
166 616666 mit dem 6616, 1666666 6616161611116116616, 666666 und
(1661161616 11166 66166666, 661116166 661166611161666666661, 6666161
(161 6661611 116166 6161 6116 gebrechen und 6666116616, 116 wir 116166
611 16 661611 166, 66116666166, 616 66616616166 66666 166611161,
6166 166 wir 6166 ymnnde 661666 666 666666 61661661161616 666666
616 6166 166 6661166166 1661666166 616 666 166 16166 666666, 116
6616661 bey in sind, 6166 1666661 bey 6166661666, 6661161666166·
666166, 6616166166 116 were 61166 66161666 6166116, 61611 661166 6661
wellen 66166666, 6666666166, 1161666, 6661 166616166616 116166
16616, sunder 1666 wir 6166 unser 6661161666,1161616161161666661 J
166166, 6166 6616616 661666 166 16616166 66666 6616666666 6166
6666611616 116166 6161 6666116666 16 1661111666 6661166, 16666166 661
wellen wir 6166 116 166, 6666666166 661 66166666 1666616166616-
11661611 und dem 6111116 661616166 661 116 6166666166 666 11116616
6166 116 1666 1616116 1166661661 661 66 1616166666, 661 661166 616
66611 1616661666 1161166 bey 61166 11661611, eren, 6616166,66611611 661
6666661611, 616616 666 genesen sind und 666 611666 1661111666161;
(166166 16166 wir 16 6661666166 61666 661 166611 gegeben und geben
666666661161161 1611 66616661 6616666 661 1661616166 6166116 661161666-
11611, 166 616 61166 (1666616116, 1666166166 661 66666166, 166 616
6166 166 1616666, 1611666661, (16161666666 6166 66161166 166 16166
66 11616616, 6166 andern leden, wo die 61161 6666161116 6166 66666666
6161, 66161116 6616, 61666616666116166, 6166 6611661166 worden sind
(11 6161 661166 6166 61 661616 11116, 6166 burgen worden 6161, 6166
16661661 66166 16166 16666 11616166 6166161116, 16 6616166166 666166
166 6661 6661116166 161, 661 61166 616616, 116 16 fur 6166166 6166
6666161 66666, 6111166 666166 16666 661 1116611 16166 66666166666 6166
661116 616616166, 6166666666 661 16 1166 66166 66666166, 661
demite 6616616, 6666166 661 6666116166, wie in 166 16166161 161,
(161 wie 616 166 66116166, 66166 6161 6666166, 6166 661 1661161166
und gnte muge (161 1666111 16166,1161 6111166 wir oder ymande 661666

 

